CueNumber;ChannelID;FixtureID;AttributeName;Value;betweenCuesTime
0;;103;DIM;0;342.0
1;1;;DIM;30;38.0
1;2;;DIM;30;38.0
1;3;;DIM;30;38.0
1;4;;DIM;30;38.0
1;5;;DIM;30;38.0
1;6;;DIM;30;38.0
1;7;;DIM;30;38.0
1;8;;DIM;30;38.0
1;9;;DIM;30;38.0
1;10;;DIM;30;38.0
1;11;;DIM;30;38.0
1;12;;DIM;30;38.0
1;13;;DIM;30;38.0
1;14;;DIM;30;38.0
1;15;;DIM;30;38.0
1;16;;DIM;30;38.0
1;17;;DIM;30;38.0
1;18;;DIM;30;38.0
1;19;;DIM;30;38.0
1;20;;DIM;30;38.0
1;21;;DIM;30;38.0
1;22;;DIM;30;38.0
1;23;;DIM;30;38.0
1;24;;DIM;30;38.0
1;25;;DIM;30;38.0
1;26;;DIM;30;38.0
1;27;;DIM;30;38.0
1;28;;DIM;30;38.0
1;29;;DIM;30;38.0
1;30;;DIM;30;38.0
1;31;;DIM;30;38.0
1;32;;DIM;30;38.0
1;33;;DIM;30;38.0
1;34;;DIM;30;38.0
1;35;;DIM;30;38.0
1;36;;DIM;30;38.0
1;37;;DIM;30;38.0
1;38;;DIM;30;38.0
1;39;;DIM;30;38.0
1;40;;DIM;30;38.0
1;41;;DIM;30;38.0
1;42;;DIM;30;38.0
1;43;;DIM;30;38.0
1;44;;DIM;30;38.0
1;45;;DIM;30;38.0
1;46;;DIM;30;38.0
1;47;;DIM;30;38.0
1;48;;DIM;30;38.0
1;49;;DIM;30;38.0
1;50;;DIM;30;38.0
1;51;;DIM;30;38.0
1;52;;DIM;30;38.0
1;53;;DIM;30;38.0
1;54;;DIM;30;38.0
1;55;;DIM;30;38.0
1;56;;DIM;30;38.0
1;57;;DIM;30;38.0
1;58;;DIM;30;38.0
1;59;;DIM;30;38.0
1;60;;DIM;30;38.0
1;61;;DIM;30;38.0
1;62;;DIM;30;38.0
1;63;;DIM;30;38.0
1;64;;DIM;30;38.0
1;73;;DIM;30;38.0
1;65;;DIM;30;38.0
1;66;;DIM;30;38.0
1;67;;DIM;30;38.0
1;;100;DIM;30;38.0
1;;101;DIM;30;38.0
1;;102;DIM;30;38.0
1;;103;DIM;30;38.0
1;;104;DIM;30;38.0
1;;105;DIM;30;38.0
1;;110;DIM;30;38.0
1;;111;DIM;30;38.0
1;;112;DIM;30;38.0
1;;113;DIM;30;38.0
1;;114;DIM;30;38.0
1;;115;DIM;30;38.0
1;68;;DIM;30;38.0
1;69;;DIM;30;38.0
1;70;;DIM;30;38.0
1;71;;DIM;30;38.0
1;72;;DIM;0;38.0
1;231;;DIM;30;38.0
1;232;;DIM;30;38.0
1;233;;DIM;30;38.0
1;234;;DIM;30;38.0
1;235;;DIM;30;38.0
2;1;;DIM;0;135.0
2;2;;DIM;0;135.0
2;3;;DIM;0;135.0
2;4;;DIM;0;135.0
2;5;;DIM;0;135.0
2;6;;DIM;0;135.0
2;7;;DIM;0;135.0
2;8;;DIM;0;135.0
2;9;;DIM;0;135.0
2;10;;DIM;0;135.0
2;11;;DIM;0;135.0
2;12;;DIM;0;135.0
2;13;;DIM;0;135.0
2;14;;DIM;0;135.0
2;15;;DIM;0;135.0
2;16;;DIM;0;135.0
2;17;;DIM;0;135.0
2;18;;DIM;0;135.0
2;19;;DIM;0;135.0
2;20;;DIM;0;135.0
2;21;;DIM;0;135.0
2;22;;DIM;0;135.0
2;23;;DIM;0;135.0
2;24;;DIM;0;135.0
2;25;;DIM;0;135.0
2;26;;DIM;0;135.0
2;27;;DIM;0;135.0
2;28;;DIM;0;135.0
2;29;;DIM;0;135.0
2;30;;DIM;0;135.0
2;31;;DIM;0;135.0
2;32;;DIM;0;135.0
2;33;;DIM;0;135.0
2;34;;DIM;0;135.0
2;35;;DIM;0;135.0
2;36;;DIM;0;135.0
2;37;;DIM;0;135.0
2;38;;DIM;0;135.0
2;39;;DIM;0;135.0
2;40;;DIM;0;135.0
2;41;;DIM;0;135.0
2;42;;DIM;0;135.0
2;43;;DIM;0;135.0
2;44;;DIM;0;135.0
2;45;;DIM;0;135.0
2;46;;DIM;0;135.0
2;47;;DIM;0;135.0
2;48;;DIM;0;135.0
2;49;;DIM;0;135.0
2;50;;DIM;0;135.0
2;51;;DIM;0;135.0
2;52;;DIM;0;135.0
2;53;;DIM;0;135.0
2;54;;DIM;0;135.0
2;55;;DIM;0;135.0
2;56;;DIM;0;135.0
2;57;;DIM;0;135.0
2;58;;DIM;0;135.0
2;59;;DIM;0;135.0
2;60;;DIM;0;135.0
2;61;;DIM;0;135.0
2;62;;DIM;0;135.0
2;63;;DIM;0;135.0
2;64;;DIM;0;135.0
2;73;;DIM;0;135.0
2;65;;DIM;0;135.0
2;66;;DIM;0;135.0
2;67;;DIM;0;135.0
2;;100;DIM;0;135.0
2;;101;DIM;0;135.0
2;;102;DIM;0;135.0
2;;103;DIM;0;135.0
2;;104;DIM;0;135.0
2;;105;DIM;0;135.0
2;;110;DIM;0;135.0
2;;111;DIM;0;135.0
2;;112;DIM;0;135.0
2;;113;DIM;0;135.0
2;;114;DIM;0;135.0
2;;115;DIM;0;135.0
2;68;;DIM;0;135.0
2;69;;DIM;0;135.0
2;70;;DIM;0;135.0
2;71;;DIM;0;135.0
2;72;;DIM;0;135.0
2;231;;DIM;0;135.0
2;232;;DIM;0;135.0
2;233;;DIM;0;135.0
2;234;;DIM;0;135.0
2;235;;DIM;0;135.0
2;1;;DIM;0;135.0
2;2;;DIM;0;135.0
2;3;;DIM;0;135.0
2;4;;DIM;0;135.0
2;5;;DIM;0;135.0
2;6;;DIM;0;135.0
2;7;;DIM;0;135.0
2;8;;DIM;0;135.0
2;9;;DIM;0;135.0
2;10;;DIM;0;135.0
2;11;;DIM;0;135.0
2;12;;DIM;0;135.0
2;13;;DIM;0;135.0
2;14;;DIM;0;135.0
2;15;;DIM;0;135.0
2;16;;DIM;0;135.0
2;17;;DIM;0;135.0
2;18;;DIM;0;135.0
2;19;;DIM;16;135.0
2;20;;DIM;16;135.0
2;21;;DIM;16;135.0
2;22;;DIM;16;135.0
2;23;;DIM;16;135.0
2;24;;DIM;16;135.0
2;25;;DIM;16;135.0
2;26;;DIM;16;135.0
2;27;;DIM;0;135.0
2;28;;DIM;0;135.0
2;29;;DIM;0;135.0
2;30;;DIM;0;135.0
2;31;;DIM;0;135.0
2;32;;DIM;0;135.0
2;33;;DIM;0;135.0
2;34;;DIM;19.5;135.0
2;35;;DIM;19.5;135.0
2;36;;DIM;19.5;135.0
2;37;;DIM;19.5;135.0
2;38;;DIM;19.5;135.0
2;39;;DIM;19.5;135.0
2;40;;DIM;19.5;135.0
2;41;;DIM;27;135.0
2;42;;DIM;27;135.0
2;43;;DIM;27;135.0
2;44;;DIM;27;135.0
2;45;;DIM;27;135.0
2;46;;DIM;27;135.0
2;47;;DIM;27;135.0
2;48;;DIM;0;135.0
2;49;;DIM;0;135.0
2;50;;DIM;0;135.0
2;51;;DIM;0;135.0
2;52;;DIM;0;135.0
2;53;;DIM;26;135.0
2;54;;DIM;31.5;135.0
2;55;;DIM;0;135.0
2;56;;DIM;0;135.0
2;57;;DIM;0;135.0
2;58;;DIM;0;135.0
2;59;;DIM;0;135.0
2;60;;DIM;0;135.0
2;61;;DIM;0;135.0
2;62;;DIM;0;135.0
2;63;;DIM;0;135.0
2;64;;DIM;0;135.0
2;73;;DIM;0;135.0
2;65;;DIM;0;135.0
2;66;;DIM;0;135.0
2;67;;DIM;0;135.0
2;;100;DIM;0;135.0
2;;101;DIM;0;135.0
2;;102;DIM;0;135.0
2;;103;DIM;0;135.0
2;;104;DIM;0;135.0
2;;105;DIM;20;135.0
2;;110;DIM;0;135.0
2;;111;DIM;0;135.0
2;;112;DIM;0;135.0
2;;113;DIM;0;135.0
2;;114;DIM;0;135.0
2;;115;DIM;0;135.0
2;68;;DIM;0;135.0
2;69;;DIM;0;135.0
2;70;;DIM;0;135.0
2;71;;DIM;0;135.0
2;72;;DIM;0;135.0
2;231;;DIM;0;135.0
2;232;;DIM;60;135.0
2;233;;DIM;60;135.0
2;234;;DIM;60;135.0
2;235;;DIM;60;135.0
3;1;;DIM;0;116.0
3;2;;DIM;0;116.0
3;3;;DIM;0;116.0
3;4;;DIM;0;116.0
3;5;;DIM;0;116.0
3;6;;DIM;0;116.0
3;7;;DIM;0;116.0
3;8;;DIM;0;116.0
3;9;;DIM;0;116.0
3;10;;DIM;0;116.0
3;11;;DIM;0;116.0
3;12;;DIM;0;116.0
3;13;;DIM;0;116.0
3;14;;DIM;0;116.0
3;15;;DIM;0;116.0
3;16;;DIM;0;116.0
3;17;;DIM;0;116.0
3;18;;DIM;0;116.0
3;19;;DIM;16;116.0
3;20;;DIM;16;116.0
3;21;;DIM;16;116.0
3;22;;DIM;16;116.0
3;23;;DIM;16;116.0
3;24;;DIM;16;116.0
3;25;;DIM;16;116.0
3;26;;DIM;16;116.0
3;27;;DIM;0;116.0
3;28;;DIM;0;116.0
3;29;;DIM;0;116.0
3;30;;DIM;0;116.0
3;31;;DIM;0;116.0
3;32;;DIM;0;116.0
3;33;;DIM;0;116.0
3;34;;DIM;19.5;116.0
3;35;;DIM;19.5;116.0
3;36;;DIM;19.5;116.0
3;37;;DIM;19.5;116.0
3;38;;DIM;19.5;116.0
3;39;;DIM;19.5;116.0
3;40;;DIM;19.5;116.0
3;41;;DIM;27;116.0
3;42;;DIM;27;116.0
3;43;;DIM;27;116.0
3;44;;DIM;27;116.0
3;45;;DIM;27;116.0
3;46;;DIM;27;116.0
3;47;;DIM;27;116.0
3;48;;DIM;0;116.0
3;49;;DIM;0;116.0
3;50;;DIM;0;116.0
3;51;;DIM;0;116.0
3;52;;DIM;0;116.0
3;53;;DIM;26;116.0
3;54;;DIM;31.5;116.0
3;55;;DIM;0;116.0
3;56;;DIM;0;116.0
3;57;;DIM;0;116.0
3;58;;DIM;0;116.0
3;59;;DIM;0;116.0
3;60;;DIM;0;116.0
3;61;;DIM;0;116.0
3;62;;DIM;0;116.0
3;63;;DIM;0;116.0
3;64;;DIM;0;116.0
3;73;;DIM;0;116.0
3;65;;DIM;0;116.0
3;66;;DIM;0;116.0
3;67;;DIM;0;116.0
3;;100;DIM;0;116.0
3;;101;DIM;0;116.0
3;;102;DIM;0;116.0
3;;103;DIM;0;116.0
3;;104;DIM;0;116.0
3;;105;DIM;20;116.0
3;;110;DIM;0;116.0
3;;111;DIM;0;116.0
3;;112;DIM;0;116.0
3;;113;DIM;0;116.0
3;;114;DIM;0;116.0
3;;115;DIM;0;116.0
3;68;;DIM;0;116.0
3;69;;DIM;0;116.0
3;70;;DIM;0;116.0
3;71;;DIM;0;116.0
3;72;;DIM;0;116.0
3;231;;DIM;0;116.0
3;232;;DIM;0;116.0
3;233;;DIM;0;116.0
3;234;;DIM;0;116.0
3;235;;DIM;0;116.0
4;1;;DIM;0;419.0
4;2;;DIM;0;419.0
4;3;;DIM;0;419.0
4;4;;DIM;0;419.0
4;5;;DIM;0;419.0
4;6;;DIM;0;419.0
4;7;;DIM;0;419.0
4;8;;DIM;0;419.0
4;9;;DIM;0;419.0
4;10;;DIM;0;419.0
4;11;;DIM;0;419.0
4;12;;DIM;0;419.0
4;13;;DIM;0;419.0
4;14;;DIM;0;419.0
4;15;;DIM;0;419.0
4;16;;DIM;0;419.0
4;17;;DIM;0;419.0
4;18;;DIM;0;419.0
4;19;;DIM;16;419.0
4;20;;DIM;16;419.0
4;21;;DIM;16;419.0
4;22;;DIM;16;419.0
4;23;;DIM;16;419.0
4;24;;DIM;16;419.0
4;25;;DIM;16;419.0
4;26;;DIM;16;419.0
4;27;;DIM;0;419.0
4;28;;DIM;0;419.0
4;29;;DIM;0;419.0
4;30;;DIM;0;419.0
4;31;;DIM;0;419.0
4;32;;DIM;0;419.0
4;33;;DIM;0;419.0
4;34;;DIM;19.5;419.0
4;35;;DIM;19.5;419.0
4;36;;DIM;19.5;419.0
4;37;;DIM;19.5;419.0
4;38;;DIM;19.5;419.0
4;39;;DIM;19.5;419.0
4;40;;DIM;19.5;419.0
4;41;;DIM;27;419.0
4;42;;DIM;27;419.0
4;43;;DIM;27;419.0
4;44;;DIM;27;419.0
4;45;;DIM;27;419.0
4;46;;DIM;27;419.0
4;47;;DIM;27;419.0
4;48;;DIM;0;419.0
4;49;;DIM;0;419.0
4;50;;DIM;0;419.0
4;51;;DIM;0;419.0
4;52;;DIM;0;419.0
4;53;;DIM;26;419.0
4;54;;DIM;31.5;419.0
4;55;;DIM;0;419.0
4;56;;DIM;0;419.0
4;57;;DIM;0;419.0
4;58;;DIM;0;419.0
4;59;;DIM;0;419.0
4;60;;DIM;0;419.0
4;61;;DIM;0;419.0
4;62;;DIM;0;419.0
4;63;;DIM;0;419.0
4;64;;DIM;0;419.0
4;73;;DIM;0;419.0
4;65;;DIM;0;419.0
4;66;;DIM;0;419.0
4;67;;DIM;0;419.0
4;;100;DIM;11;419.0
4;;101;DIM;0;419.0
4;;102;DIM;0;419.0
4;;103;DIM;0;419.0
4;;104;DIM;0;419.0
4;;105;DIM;20;419.0
4;;110;DIM;0;419.0
4;;111;DIM;0;419.0
4;;112;DIM;0;419.0
4;;113;DIM;0;419.0
4;;114;DIM;0;419.0
4;;115;DIM;0;419.0
4;68;;DIM;0;419.0
4;69;;DIM;0;419.0
4;70;;DIM;0;419.0
4;71;;DIM;0;419.0
4;72;;DIM;0;419.0
4;231;;DIM;0;419.0
4;232;;DIM;0;419.0
4;233;;DIM;0;419.0
4;234;;DIM;0;419.0
4;235;;DIM;0;419.0
5;1;;DIM;30;295.0
5;2;;DIM;30;295.0
5;3;;DIM;30;295.0
5;4;;DIM;30;295.0
5;5;;DIM;30;295.0
5;6;;DIM;0;295.0
5;7;;DIM;0;295.0
5;8;;DIM;0;295.0
5;9;;DIM;0;295.0
5;10;;DIM;0;295.0
5;11;;DIM;0;295.0
5;12;;DIM;0;295.0
5;13;;DIM;0;295.0
5;14;;DIM;0;295.0
5;15;;DIM;0;295.0
5;16;;DIM;0;295.0
5;17;;DIM;0;295.0
5;18;;DIM;0;295.0
5;19;;DIM;27;295.0
5;20;;DIM;27;295.0
5;21;;DIM;27;295.0
5;22;;DIM;27;295.0
5;23;;DIM;27;295.0
5;24;;DIM;27;295.0
5;25;;DIM;27;295.0
5;26;;DIM;27;295.0
5;27;;DIM;0;295.0
5;28;;DIM;0;295.0
5;29;;DIM;0;295.0
5;30;;DIM;0;295.0
5;31;;DIM;0;295.0
5;32;;DIM;0;295.0
5;33;;DIM;0;295.0
5;34;;DIM;2.5;295.0
5;35;;DIM;2.5;295.0
5;36;;DIM;2.5;295.0
5;37;;DIM;2.5;295.0
5;38;;DIM;2.5;295.0
5;39;;DIM;2.5;295.0
5;40;;DIM;2.5;295.0
5;41;;DIM;35.5;295.0
5;42;;DIM;35.5;295.0
5;43;;DIM;35.5;295.0
5;44;;DIM;35.5;295.0
5;45;;DIM;35.5;295.0
5;46;;DIM;35.5;295.0
5;47;;DIM;35.5;295.0
5;48;;DIM;0;295.0
5;49;;DIM;0;295.0
5;50;;DIM;0;295.0
5;51;;DIM;0;295.0
5;52;;DIM;0;295.0
5;53;;DIM;26;295.0
5;54;;DIM;31.5;295.0
5;55;;DIM;0;295.0
5;56;;DIM;0;295.0
5;57;;DIM;0;295.0
5;58;;DIM;0;295.0
5;59;;DIM;0;295.0
5;60;;DIM;0;295.0
5;61;;DIM;0;295.0
5;62;;DIM;0;295.0
5;63;;DIM;0;295.0
5;64;;DIM;0;295.0
5;73;;DIM;0;295.0
5;65;;DIM;0;295.0
5;66;;DIM;0;295.0
5;67;;DIM;0;295.0
5;;100;DIM;11;295.0
5;;101;DIM;0;295.0
5;;102;DIM;0;295.0
5;;103;DIM;0;295.0
5;;104;DIM;0;295.0
5;;105;DIM;11;295.0
5;;110;DIM;0;295.0
5;;111;DIM;0;295.0
5;;112;DIM;0;295.0
5;;113;DIM;0;295.0
5;;114;DIM;0;295.0
5;;115;DIM;0;295.0
5;68;;DIM;0;295.0
5;69;;DIM;0;295.0
5;70;;DIM;0;295.0
5;71;;DIM;0;295.0
5;72;;DIM;10.5;295.0
5;231;;DIM;0;295.0
5;232;;DIM;0;295.0
5;233;;DIM;0;295.0
5;234;;DIM;0;295.0
5;235;;DIM;0;295.0
6;69;;DIM;27.5;196.0
6;71;;DIM;27.5;196.0
7;;104;DIM;16;367.0
8;;100;DIM;17;54.0
9;;101;DIM;14;176.0
10;;100;DIM;11;148.0
10;;101;DIM;0;148.0
10;;104;DIM;10;148.0
11;11;;DIM;15.5;306.0
11;12;;DIM;15.5;306.0
11;13;;DIM;15.5;306.0
11;14;;DIM;15.5;306.0
11;15;;DIM;15.5;306.0
11;16;;DIM;15.5;306.0
11;17;;DIM;15.5;306.0
11;18;;DIM;15.5;306.0
11;;104;DIM;0;306.0
12;1;;DIM;30;275.0
12;2;;DIM;30;275.0
12;3;;DIM;30;275.0
12;4;;DIM;30;275.0
12;5;;DIM;30;275.0
12;6;;DIM;0;275.0
12;7;;DIM;0;275.0
12;8;;DIM;0;275.0
12;9;;DIM;0;275.0
12;10;;DIM;0;275.0
12;11;;DIM;21;275.0
12;12;;DIM;21;275.0
12;13;;DIM;21;275.0
12;14;;DIM;21;275.0
12;15;;DIM;21;275.0
12;16;;DIM;21;275.0
12;17;;DIM;21;275.0
12;18;;DIM;21;275.0
12;19;;DIM;27.5;275.0
12;20;;DIM;27.5;275.0
12;21;;DIM;27.5;275.0
12;22;;DIM;27.5;275.0
12;23;;DIM;27.5;275.0
12;24;;DIM;27.5;275.0
12;25;;DIM;27.5;275.0
12;26;;DIM;27.5;275.0
12;27;;DIM;0;275.0
12;28;;DIM;0;275.0
12;29;;DIM;0;275.0
12;30;;DIM;0;275.0
12;31;;DIM;0;275.0
12;32;;DIM;0;275.0
12;33;;DIM;0;275.0
12;34;;DIM;37;275.0
12;35;;DIM;37;275.0
12;36;;DIM;37;275.0
12;37;;DIM;37;275.0
12;38;;DIM;37;275.0
12;39;;DIM;37;275.0
12;40;;DIM;37;275.0
12;41;;DIM;37;275.0
12;42;;DIM;37;275.0
12;43;;DIM;37;275.0
12;44;;DIM;37;275.0
12;45;;DIM;37;275.0
12;46;;DIM;37;275.0
12;47;;DIM;37;275.0
12;48;;DIM;0;275.0
12;49;;DIM;0;275.0
12;50;;DIM;0;275.0
12;51;;DIM;0;275.0
12;52;;DIM;18.5;275.0
12;53;;DIM;26;275.0
12;54;;DIM;31.5;275.0
12;55;;DIM;0;275.0
12;56;;DIM;0;275.0
12;57;;DIM;0;275.0
12;58;;DIM;0;275.0
12;59;;DIM;0;275.0
12;60;;DIM;0;275.0
12;61;;DIM;0;275.0
12;62;;DIM;0;275.0
12;63;;DIM;0;275.0
12;64;;DIM;0;275.0
12;73;;DIM;0;275.0
12;65;;DIM;0;275.0
12;66;;DIM;0;275.0
12;67;;DIM;0;275.0
12;;100;DIM;11;275.0
12;;101;DIM;0;275.0
12;;102;DIM;0;275.0
12;;103;DIM;0;275.0
12;;104;DIM;0;275.0
12;;105;DIM;11;275.0
12;;110;DIM;0;275.0
12;;111;DIM;0;275.0
12;;112;DIM;0;275.0
12;;113;DIM;0;275.0
12;;114;DIM;0;275.0
12;;115;DIM;0;275.0
12;68;;DIM;0;275.0
12;69;;DIM;29;275.0
12;70;;DIM;0;275.0
12;71;;DIM;29;275.0
12;72;;DIM;0;275.0
12;231;;DIM;0;275.0
12;232;;DIM;0;275.0
12;233;;DIM;0;275.0
12;234;;DIM;0;275.0
12;235;;DIM;0;275.0
13;;101;DIM;11.5;321.0
14;;101;DIM;0;326.0
15;1;;DIM;30;203.0
15;2;;DIM;30;203.0
15;3;;DIM;30;203.0
15;4;;DIM;30;203.0
15;5;;DIM;30;203.0
15;6;;DIM;0;203.0
15;7;;DIM;0;203.0
15;8;;DIM;0;203.0
15;9;;DIM;0;203.0
15;10;;DIM;0;203.0
15;11;;DIM;21;203.0
15;12;;DIM;21;203.0
15;13;;DIM;21;203.0
15;14;;DIM;21;203.0
15;15;;DIM;21;203.0
15;16;;DIM;21;203.0
15;17;;DIM;21;203.0
15;18;;DIM;21;203.0
15;19;;DIM;27.5;203.0
15;20;;DIM;27.5;203.0
15;21;;DIM;27.5;203.0
15;22;;DIM;27.5;203.0
15;23;;DIM;27.5;203.0
15;24;;DIM;27.5;203.0
15;25;;DIM;27.5;203.0
15;26;;DIM;27.5;203.0
15;27;;DIM;0;203.0
15;28;;DIM;0;203.0
15;29;;DIM;0;203.0
15;30;;DIM;0;203.0
15;31;;DIM;0;203.0
15;32;;DIM;0;203.0
15;33;;DIM;0;203.0
15;34;;DIM;37;203.0
15;35;;DIM;37;203.0
15;36;;DIM;37;203.0
15;37;;DIM;37;203.0
15;38;;DIM;37;203.0
15;39;;DIM;37;203.0
15;40;;DIM;37;203.0
15;41;;DIM;37;203.0
15;42;;DIM;37;203.0
15;43;;DIM;37;203.0
15;44;;DIM;37;203.0
15;45;;DIM;37;203.0
15;46;;DIM;37;203.0
15;47;;DIM;37;203.0
15;48;;DIM;0;203.0
15;49;;DIM;0;203.0
15;50;;DIM;0;203.0
15;51;;DIM;0;203.0
15;52;;DIM;8.5;203.0
15;53;;DIM;26;203.0
15;54;;DIM;31.5;203.0
15;55;;DIM;0;203.0
15;56;;DIM;0;203.0
15;57;;DIM;0;203.0
15;58;;DIM;0;203.0
15;59;;DIM;0;203.0
15;60;;DIM;0;203.0
15;61;;DIM;0;203.0
15;62;;DIM;0;203.0
15;63;;DIM;0;203.0
15;64;;DIM;0;203.0
15;73;;DIM;0;203.0
15;65;;DIM;0;203.0
15;66;;DIM;0;203.0
15;67;;DIM;0;203.0
15;;100;DIM;11;203.0
15;;101;DIM;0;203.0
15;;102;DIM;0;203.0
15;;103;DIM;0;203.0
15;;104;DIM;0;203.0
15;;105;DIM;11;203.0
15;;110;DIM;0;203.0
15;;111;DIM;0;203.0
15;;112;DIM;0;203.0
15;;113;DIM;0;203.0
15;;114;DIM;0;203.0
15;;115;DIM;0;203.0
15;68;;DIM;0;203.0
15;69;;DIM;22;203.0
15;70;;DIM;0;203.0
15;71;;DIM;22;203.0
15;72;;DIM;0;203.0
15;231;;DIM;0;203.0
15;232;;DIM;0;203.0
15;233;;DIM;0;203.0
15;234;;DIM;0;203.0
15;235;;DIM;0;203.0
16;1;;DIM;0;375.0
16;2;;DIM;0;375.0
16;3;;DIM;0;375.0
16;4;;DIM;0;375.0
16;5;;DIM;0;375.0
16;6;;DIM;0;375.0
16;7;;DIM;0;375.0
16;8;;DIM;13.5;375.0
16;9;;DIM;20;375.0
16;10;;DIM;19;375.0
16;11;;DIM;0;375.0
16;12;;DIM;0;375.0
16;13;;DIM;0;375.0
16;14;;DIM;0;375.0
16;15;;DIM;0;375.0
16;16;;DIM;12;375.0
16;17;;DIM;12;375.0
16;18;;DIM;12;375.0
16;19;;DIM;0;375.0
16;20;;DIM;0;375.0
16;21;;DIM;0;375.0
16;22;;DIM;0;375.0
16;23;;DIM;0;375.0
16;24;;DIM;0;375.0
16;25;;DIM;0;375.0
16;26;;DIM;0;375.0
16;27;;DIM;0;375.0
16;28;;DIM;0;375.0
16;29;;DIM;0;375.0
16;30;;DIM;0;375.0
16;31;;DIM;0;375.0
16;32;;DIM;0;375.0
16;33;;DIM;0;375.0
16;34;;DIM;27.5;375.0
16;35;;DIM;27.5;375.0
16;36;;DIM;18.5;375.0
16;37;;DIM;27.5;375.0
16;38;;DIM;27.5;375.0
16;39;;DIM;27.5;375.0
16;40;;DIM;18.5;375.0
16;41;;DIM;31;375.0
16;42;;DIM;31;375.0
16;43;;DIM;31;375.0
16;44;;DIM;31;375.0
16;45;;DIM;31;375.0
16;46;;DIM;31;375.0
16;47;;DIM;31;375.0
16;48;;DIM;0;375.0
16;49;;DIM;0;375.0
16;50;;DIM;0;375.0
16;51;;DIM;0;375.0
16;52;;DIM;11.5;375.0
16;53;;DIM;0;375.0
16;54;;DIM;50;375.0
16;55;;DIM;14;375.0
16;56;;DIM;0;375.0
16;57;;DIM;0;375.0
16;58;;DIM;0;375.0
16;59;;DIM;0;375.0
16;60;;DIM;13.960783;375.0
16;61;;DIM;0;375.0
16;62;;DIM;0;375.0
16;63;;DIM;0;375.0
16;64;;DIM;0;375.0
16;73;;DIM;0;375.0
16;65;;DIM;0;375.0
16;66;;DIM;0;375.0
16;67;;DIM;0;375.0
16;;100;DIM;8;375.0
16;;101;DIM;0;375.0
16;;102;DIM;6;375.0
16;;103;DIM;0;375.0
16;;104;DIM;0;375.0
16;;105;DIM;11;375.0
16;;110;DIM;0;375.0
16;;111;DIM;0;375.0
16;;112;DIM;0;375.0
16;;113;DIM;15;375.0
16;;114;DIM;0;375.0
16;;115;DIM;0;375.0
16;68;;DIM;16.5;375.0
16;69;;DIM;0;375.0
16;70;;DIM;16.5;375.0
16;71;;DIM;30;375.0
16;72;;DIM;0;375.0
16;231;;DIM;0;375.0
16;232;;DIM;0;375.0
16;233;;DIM;0;375.0
16;234;;DIM;0;375.0
16;235;;DIM;0;375.0
17;;101;DIM;13.5;86.0
18;;101;DIM;0;209.0
19;1;;DIM;13.5;234.0
19;2;;DIM;13.5;234.0
19;3;;DIM;13.5;234.0
19;4;;DIM;13.5;234.0
19;5;;DIM;13.5;234.0
19;6;;DIM;0;234.0
19;7;;DIM;0;234.0
19;8;;DIM;18;234.0
19;9;;DIM;29;234.0
19;10;;DIM;0;234.0
19;11;;DIM;8;234.0
19;12;;DIM;8;234.0
19;13;;DIM;8;234.0
19;14;;DIM;8;234.0
19;15;;DIM;8;234.0
19;16;;DIM;29;234.0
19;17;;DIM;29;234.0
19;18;;DIM;29;234.0
19;19;;DIM;20.5;234.0
19;20;;DIM;20.5;234.0
19;21;;DIM;20.5;234.0
19;22;;DIM;20.5;234.0
19;23;;DIM;20.5;234.0
19;24;;DIM;20.5;234.0
19;25;;DIM;20.5;234.0
19;26;;DIM;20.5;234.0
19;27;;DIM;0;234.0
19;28;;DIM;0;234.0
19;29;;DIM;0;234.0
19;30;;DIM;0;234.0
19;31;;DIM;0;234.0
19;32;;DIM;0;234.0
19;33;;DIM;0;234.0
19;34;;DIM;44.5;234.0
19;35;;DIM;44.5;234.0
19;36;;DIM;35.5;234.0
19;37;;DIM;44.5;234.0
19;38;;DIM;44.5;234.0
19;39;;DIM;44.5;234.0
19;40;;DIM;35.5;234.0
19;41;;DIM;35.5;234.0
19;42;;DIM;35.5;234.0
19;43;;DIM;35.5;234.0
19;44;;DIM;35.5;234.0
19;45;;DIM;35.5;234.0
19;46;;DIM;35.5;234.0
19;47;;DIM;35.5;234.0
19;48;;DIM;0;234.0
19;49;;DIM;0;234.0
19;50;;DIM;0;234.0
19;51;;DIM;0;234.0
19;52;;DIM;11.5;234.0
19;53;;DIM;22.5;234.0
19;54;;DIM;53;234.0
19;55;;DIM;0;234.0
19;56;;DIM;0;234.0
19;57;;DIM;0;234.0
19;58;;DIM;0;234.0
19;59;;DIM;0;234.0
19;60;;DIM;0;234.0
19;61;;DIM;0;234.0
19;62;;DIM;0;234.0
19;63;;DIM;0;234.0
19;64;;DIM;0;234.0
19;73;;DIM;0;234.0
19;65;;DIM;0;234.0
19;66;;DIM;0;234.0
19;67;;DIM;0;234.0
19;;100;DIM;8;234.0
19;;101;DIM;0;234.0
19;;102;DIM;0;234.0
19;;103;DIM;0;234.0
19;;104;DIM;20;234.0
19;;105;DIM;11;234.0
19;;110;DIM;0;234.0
19;;111;DIM;0;234.0
19;;112;DIM;0;234.0
19;;113;DIM;0;234.0
19;;114;DIM;0;234.0
19;;115;DIM;0;234.0
19;68;;DIM;10;234.0
19;69;;DIM;21.5;234.0
19;70;;DIM;10;234.0
19;71;;DIM;21.5;234.0
19;72;;DIM;0;234.0
19;231;;DIM;0;234.0
19;232;;DIM;0;234.0
19;233;;DIM;0;234.0
19;234;;DIM;0;234.0
19;235;;DIM;0;234.0
20;1;;DIM;29.5;366.0
20;2;;DIM;29.5;366.0
20;3;;DIM;29.5;366.0
20;4;;DIM;29.5;366.0
20;5;;DIM;29.5;366.0
20;;100;DIM;15.5;366.0
20;;104;DIM;0;366.0
21;1;;DIM;0;174.0
21;2;;DIM;0;174.0
21;3;;DIM;0;174.0
21;4;;DIM;0;174.0
21;5;;DIM;0;174.0
21;6;;DIM;0;174.0
21;7;;DIM;0;174.0
21;8;;DIM;13.5;174.0
21;9;;DIM;17;174.0
21;10;;DIM;20.5;174.0
21;11;;DIM;0;174.0
21;12;;DIM;0;174.0
21;13;;DIM;0;174.0
21;14;;DIM;0;174.0
21;15;;DIM;0;174.0
21;16;;DIM;12;174.0
21;17;;DIM;12;174.0
21;18;;DIM;12;174.0
21;19;;DIM;0;174.0
21;20;;DIM;0;174.0
21;21;;DIM;0;174.0
21;22;;DIM;0;174.0
21;23;;DIM;0;174.0
21;24;;DIM;0;174.0
21;25;;DIM;0;174.0
21;26;;DIM;0;174.0
21;27;;DIM;0;174.0
21;28;;DIM;0;174.0
21;29;;DIM;0;174.0
21;30;;DIM;0;174.0
21;31;;DIM;0;174.0
21;32;;DIM;0;174.0
21;33;;DIM;0;174.0
21;34;;DIM;27.5;174.0
21;35;;DIM;27.5;174.0
21;36;;DIM;18.5;174.0
21;37;;DIM;27.5;174.0
21;38;;DIM;27.5;174.0
21;39;;DIM;27.5;174.0
21;40;;DIM;18.5;174.0
21;41;;DIM;27;174.0
21;42;;DIM;27;174.0
21;43;;DIM;27;174.0
21;44;;DIM;27;174.0
21;45;;DIM;27;174.0
21;46;;DIM;27;174.0
21;47;;DIM;27;174.0
21;48;;DIM;0;174.0
21;49;;DIM;0;174.0
21;50;;DIM;0;174.0
21;51;;DIM;0;174.0
21;52;;DIM;11.5;174.0
21;53;;DIM;0;174.0
21;54;;DIM;50;174.0
21;55;;DIM;15;174.0
21;56;;DIM;0;174.0
21;57;;DIM;0;174.0
21;58;;DIM;0;174.0
21;59;;DIM;0;174.0
21;60;;DIM;11.5;174.0
21;61;;DIM;0;174.0
21;62;;DIM;0;174.0
21;63;;DIM;0;174.0
21;64;;DIM;0;174.0
21;73;;DIM;0;174.0
21;65;;DIM;0;174.0
21;66;;DIM;0;174.0
21;67;;DIM;0;174.0
21;;100;DIM;8;174.0
21;;101;DIM;0;174.0
21;;102;DIM;6;174.0
21;;103;DIM;0;174.0
21;;104;DIM;0;174.0
21;;105;DIM;11;174.0
21;;110;DIM;0;174.0
21;;111;DIM;0;174.0
21;;112;DIM;0;174.0
21;;113;DIM;20;174.0
21;;114;DIM;0;174.0
21;;115;DIM;0;174.0
21;68;;DIM;0;174.0
21;69;;DIM;0;174.0
21;70;;DIM;0;174.0
21;71;;DIM;30;174.0
21;72;;DIM;0;174.0
21;231;;DIM;0;174.0
21;232;;DIM;0;174.0
21;233;;DIM;0;174.0
21;234;;DIM;0;174.0
21;235;;DIM;0;174.0
22;;101;DIM;16;226.0
23;;101;DIM;0;343.0
24;1;;DIM;0;221.0
24;2;;DIM;0;221.0
24;3;;DIM;0;221.0
24;4;;DIM;0;221.0
24;5;;DIM;0;221.0
24;6;;DIM;0;221.0
24;7;;DIM;0;221.0
24;8;;DIM;13.5;221.0
24;9;;DIM;0;221.0
24;10;;DIM;20.5;221.0
24;11;;DIM;0;221.0
24;12;;DIM;0;221.0
24;13;;DIM;0;221.0
24;14;;DIM;0;221.0
24;15;;DIM;0;221.0
24;16;;DIM;12;221.0
24;17;;DIM;12;221.0
24;18;;DIM;12;221.0
24;19;;DIM;0;221.0
24;20;;DIM;0;221.0
24;21;;DIM;0;221.0
24;22;;DIM;0;221.0
24;23;;DIM;0;221.0
24;24;;DIM;0;221.0
24;25;;DIM;0;221.0
24;26;;DIM;0;221.0
24;27;;DIM;0;221.0
24;28;;DIM;0;221.0
24;29;;DIM;0;221.0
24;30;;DIM;0;221.0
24;31;;DIM;0;221.0
24;32;;DIM;0;221.0
24;33;;DIM;0;221.0
24;34;;DIM;27.5;221.0
24;35;;DIM;27.5;221.0
24;36;;DIM;18.5;221.0
24;37;;DIM;27.5;221.0
24;38;;DIM;27.5;221.0
24;39;;DIM;27.5;221.0
24;40;;DIM;18.5;221.0
24;41;;DIM;27;221.0
24;42;;DIM;27;221.0
24;43;;DIM;27;221.0
24;44;;DIM;27;221.0
24;45;;DIM;27;221.0
24;46;;DIM;27;221.0
24;47;;DIM;27;221.0
24;48;;DIM;0;221.0
24;49;;DIM;0;221.0
24;50;;DIM;0;221.0
24;51;;DIM;0;221.0
24;52;;DIM;20.5;221.0
24;53;;DIM;0;221.0
24;54;;DIM;50;221.0
24;55;;DIM;0;221.0
24;56;;DIM;0;221.0
24;57;;DIM;0;221.0
24;58;;DIM;0;221.0
24;59;;DIM;0;221.0
24;60;;DIM;0;221.0
24;61;;DIM;0;221.0
24;62;;DIM;0;221.0
24;63;;DIM;0;221.0
24;64;;DIM;0;221.0
24;73;;DIM;0;221.0
24;65;;DIM;0;221.0
24;66;;DIM;0;221.0
24;67;;DIM;0;221.0
24;;100;DIM;8;221.0
24;;101;DIM;0;221.0
24;;102;DIM;6;221.0
24;;103;DIM;0;221.0
24;;104;DIM;22;221.0
24;;105;DIM;11;221.0
24;;110;DIM;0;221.0
24;;111;DIM;0;221.0
24;;112;DIM;0;221.0
24;;113;DIM;0;221.0
24;;114;DIM;0;221.0
24;;115;DIM;0;221.0
24;68;;DIM;14.5;221.0
24;69;;DIM;30;221.0
24;70;;DIM;14.5;221.0
24;71;;DIM;30;221.0
24;72;;DIM;0;221.0
24;231;;DIM;0;221.0
24;232;;DIM;0;221.0
24;233;;DIM;0;221.0
24;234;;DIM;0;221.0
24;235;;DIM;0;221.0
25;1;;DIM;0;20.0
25;2;;DIM;0;20.0
25;3;;DIM;0;20.0
25;4;;DIM;0;20.0
25;5;;DIM;0;20.0
25;6;;DIM;5;20.0
25;7;;DIM;16;20.0
25;8;;DIM;17;20.0
25;9;;DIM;21;20.0
25;10;;DIM;20.5;20.0
25;11;;DIM;16;20.0
25;12;;DIM;16;20.0
25;13;;DIM;16;20.0
25;14;;DIM;16;20.0
25;15;;DIM;16;20.0
25;16;;DIM;0;20.0
25;17;;DIM;0;20.0
25;18;;DIM;0;20.0
25;19;;DIM;0;20.0
25;20;;DIM;0;20.0
25;21;;DIM;0;20.0
25;22;;DIM;0;20.0
25;23;;DIM;0;20.0
25;24;;DIM;0;20.0
25;25;;DIM;0;20.0
25;26;;DIM;0;20.0
25;27;;DIM;0;20.0
25;28;;DIM;0;20.0
25;29;;DIM;0;20.0
25;30;;DIM;0;20.0
25;31;;DIM;0;20.0
25;32;;DIM;0;20.0
25;33;;DIM;0;20.0
25;34;;DIM;35.5;20.0
25;35;;DIM;35.5;20.0
25;36;;DIM;26.5;20.0
25;37;;DIM;35.5;20.0
25;38;;DIM;35.5;20.0
25;39;;DIM;35.5;20.0
25;40;;DIM;26.5;20.0
25;41;;DIM;27;20.0
25;42;;DIM;27;20.0
25;43;;DIM;27;20.0
25;44;;DIM;27;20.0
25;45;;DIM;27;20.0
25;46;;DIM;27;20.0
25;47;;DIM;27;20.0
25;48;;DIM;0;20.0
25;49;;DIM;0;20.0
25;50;;DIM;0;20.0
25;51;;DIM;0;20.0
25;52;;DIM;17.5;20.0
25;53;;DIM;0;20.0
25;54;;DIM;0;20.0
25;55;;DIM;0;20.0
25;56;;DIM;0;20.0
25;57;;DIM;0;20.0
25;58;;DIM;0;20.0
25;59;;DIM;0;20.0
25;60;;DIM;0;20.0
25;61;;DIM;0;20.0
25;62;;DIM;0;20.0
25;63;;DIM;0;20.0
25;64;;DIM;0;20.0
25;73;;DIM;0;20.0
25;65;;DIM;0;20.0
25;66;;DIM;0;20.0
25;67;;DIM;0;20.0
25;;100;DIM;8;20.0
25;;101;DIM;0;20.0
25;;102;DIM;6;20.0
25;;103;DIM;0;20.0
25;;104;DIM;0;20.0
25;;105;DIM;11;20.0
25;;110;DIM;12.5;20.0
25;;111;DIM;12.5;20.0
25;;112;DIM;12.5;20.0
25;;113;DIM;12.5;20.0
25;;114;DIM;12.5;20.0
25;;115;DIM;0;20.0
25;68;;DIM;6.5;20.0
25;69;;DIM;18.5;20.0
25;70;;DIM;6.5;20.0
25;71;;DIM;18.5;20.0
25;72;;DIM;0;20.0
25;231;;DIM;0;20.0
25;232;;DIM;0;20.0
25;233;;DIM;0;20.0
25;234;;DIM;0;20.0
25;235;;DIM;0;20.0
26;;100;DIM;16;120.0
27;;100;DIM;8;193.0
28;1;;DIM;25.5;212.0
28;2;;DIM;25.5;212.0
28;3;;DIM;25.5;212.0
28;4;;DIM;25.5;212.0
28;5;;DIM;25.5;212.0
28;6;;DIM;0;212.0
28;7;;DIM;0;212.0
28;8;;DIM;0;212.0
28;9;;DIM;0;212.0
28;10;;DIM;0;212.0
28;11;;DIM;27;212.0
28;12;;DIM;27;212.0
28;13;;DIM;27;212.0
28;14;;DIM;27;212.0
28;15;;DIM;27;212.0
28;16;;DIM;0;212.0
28;17;;DIM;0;212.0
28;18;;DIM;0;212.0
28;19;;DIM;0;212.0
28;20;;DIM;0;212.0
28;21;;DIM;0;212.0
28;22;;DIM;0;212.0
28;23;;DIM;0;212.0
28;24;;DIM;0;212.0
28;25;;DIM;0;212.0
28;26;;DIM;0;212.0
28;27;;DIM;0;212.0
28;28;;DIM;0;212.0
28;29;;DIM;0;212.0
28;30;;DIM;0;212.0
28;31;;DIM;0;212.0
28;32;;DIM;0;212.0
28;33;;DIM;0;212.0
28;34;;DIM;27.5;212.0
28;35;;DIM;27.5;212.0
28;36;;DIM;18.5;212.0
28;37;;DIM;27.5;212.0
28;38;;DIM;27.5;212.0
28;39;;DIM;27.5;212.0
28;40;;DIM;18.5;212.0
28;41;;DIM;27;212.0
28;42;;DIM;27;212.0
28;43;;DIM;27;212.0
28;44;;DIM;27;212.0
28;45;;DIM;27;212.0
28;46;;DIM;27;212.0
28;47;;DIM;27;212.0
28;48;;DIM;0;212.0
28;49;;DIM;0;212.0
28;50;;DIM;0;212.0
28;51;;DIM;0;212.0
28;52;;DIM;0;212.0
28;53;;DIM;0;212.0
28;54;;DIM;0;212.0
28;55;;DIM;0;212.0
28;56;;DIM;0;212.0
28;57;;DIM;0;212.0
28;58;;DIM;0;212.0
28;59;;DIM;0;212.0
28;60;;DIM;0;212.0
28;61;;DIM;0;212.0
28;62;;DIM;0;212.0
28;63;;DIM;0;212.0
28;64;;DIM;0;212.0
28;73;;DIM;0;212.0
28;65;;DIM;0;212.0
28;66;;DIM;0;212.0
28;67;;DIM;0;212.0
28;;100;DIM;8;212.0
28;;101;DIM;0;212.0
28;;102;DIM;6;212.0
28;;103;DIM;0;212.0
28;;104;DIM;0;212.0
28;;105;DIM;11;212.0
28;;110;DIM;0;212.0
28;;111;DIM;0;212.0
28;;112;DIM;0;212.0
28;;113;DIM;0;212.0
28;;114;DIM;0;212.0
28;;115;DIM;25;212.0
28;68;;DIM;6.5;212.0
28;69;;DIM;18.5;212.0
28;70;;DIM;6.5;212.0
28;71;;DIM;18.5;212.0
28;72;;DIM;0;212.0
28;231;;DIM;0;212.0
28;232;;DIM;0;212.0
28;233;;DIM;0;212.0
28;234;;DIM;0;212.0
28;235;;DIM;0;212.0
29;1;;DIM;0;198.0
29;2;;DIM;0;198.0
29;3;;DIM;0;198.0
29;4;;DIM;0;198.0
29;5;;DIM;0;198.0
29;6;;DIM;0;198.0
29;7;;DIM;0;198.0
29;8;;DIM;0;198.0
29;9;;DIM;0;198.0
29;10;;DIM;0;198.0
29;11;;DIM;17.5;198.0
29;12;;DIM;17.5;198.0
29;13;;DIM;17.5;198.0
29;14;;DIM;17.5;198.0
29;15;;DIM;17.5;198.0
29;16;;DIM;0;198.0
29;17;;DIM;0;198.0
29;18;;DIM;0;198.0
29;19;;DIM;0;198.0
29;20;;DIM;0;198.0
29;21;;DIM;0;198.0
29;22;;DIM;0;198.0
29;23;;DIM;0;198.0
29;24;;DIM;0;198.0
29;25;;DIM;0;198.0
29;26;;DIM;0;198.0
29;27;;DIM;0;198.0
29;28;;DIM;0;198.0
29;29;;DIM;0;198.0
29;30;;DIM;0;198.0
29;31;;DIM;0;198.0
29;32;;DIM;0;198.0
29;33;;DIM;0;198.0
29;34;;DIM;27.5;198.0
29;35;;DIM;27.5;198.0
29;36;;DIM;18.5;198.0
29;37;;DIM;27.5;198.0
29;38;;DIM;27.5;198.0
29;39;;DIM;27.5;198.0
29;40;;DIM;18.5;198.0
29;41;;DIM;27;198.0
29;42;;DIM;27;198.0
29;43;;DIM;27;198.0
29;44;;DIM;27;198.0
29;45;;DIM;27;198.0
29;46;;DIM;27;198.0
29;47;;DIM;27;198.0
29;48;;DIM;0;198.0
29;49;;DIM;0;198.0
29;50;;DIM;0;198.0
29;51;;DIM;0;198.0
29;52;;DIM;0;198.0
29;53;;DIM;0;198.0
29;54;;DIM;0;198.0
29;55;;DIM;0;198.0
29;56;;DIM;0;198.0
29;57;;DIM;0;198.0
29;58;;DIM;0;198.0
29;59;;DIM;0;198.0
29;60;;DIM;0;198.0
29;61;;DIM;0;198.0
29;62;;DIM;0;198.0
29;63;;DIM;0;198.0
29;64;;DIM;0;198.0
29;73;;DIM;0;198.0
29;65;;DIM;0;198.0
29;66;;DIM;0;198.0
29;67;;DIM;0;198.0
29;;100;DIM;8;198.0
29;;101;DIM;0;198.0
29;;102;DIM;6;198.0
29;;103;DIM;0;198.0
29;;104;DIM;0;198.0
29;;105;DIM;11;198.0
29;;110;DIM;0;198.0
29;;111;DIM;0;198.0
29;;112;DIM;0;198.0
29;;113;DIM;0;198.0
29;;114;DIM;0;198.0
29;;115;DIM;33;198.0
29;68;;DIM;6.5;198.0
29;69;;DIM;18.5;198.0
29;70;;DIM;6.5;198.0
29;71;;DIM;18.5;198.0
29;72;;DIM;0;198.0
29;231;;DIM;0;198.0
29;232;;DIM;0;198.0
29;233;;DIM;0;198.0
29;234;;DIM;0;198.0
29;235;;DIM;0;198.0
30;;105;DIM;14.5;275.0
30;;114;DIM;17;275.0
31;1;;DIM;25.5;392.0
31;2;;DIM;25.5;392.0
31;3;;DIM;25.5;392.0
31;4;;DIM;25.5;392.0
31;5;;DIM;25.5;392.0
31;6;;DIM;0;392.0
31;7;;DIM;0;392.0
31;8;;DIM;0;392.0
31;9;;DIM;0;392.0
31;10;;DIM;0;392.0
31;11;;DIM;15;392.0
31;12;;DIM;15;392.0
31;13;;DIM;15;392.0
31;14;;DIM;15;392.0
31;15;;DIM;15;392.0
31;16;;DIM;0;392.0
31;17;;DIM;0;392.0
31;18;;DIM;0;392.0
31;19;;DIM;11.5;392.0
31;20;;DIM;11.5;392.0
31;21;;DIM;11.5;392.0
31;22;;DIM;11.5;392.0
31;23;;DIM;11.5;392.0
31;24;;DIM;0;392.0
31;25;;DIM;0;392.0
31;26;;DIM;0;392.0
31;27;;DIM;0;392.0
31;28;;DIM;0;392.0
31;29;;DIM;0;392.0
31;30;;DIM;0;392.0
31;31;;DIM;0;392.0
31;32;;DIM;0;392.0
31;33;;DIM;0;392.0
31;34;;DIM;27.5;392.0
31;35;;DIM;27.5;392.0
31;36;;DIM;18.5;392.0
31;37;;DIM;27.5;392.0
31;38;;DIM;27.5;392.0
31;39;;DIM;27.5;392.0
31;40;;DIM;18.5;392.0
31;41;;DIM;27;392.0
31;42;;DIM;27;392.0
31;43;;DIM;27;392.0
31;44;;DIM;27;392.0
31;45;;DIM;27;392.0
31;46;;DIM;27;392.0
31;47;;DIM;27;392.0
31;48;;DIM;0;392.0
31;49;;DIM;0;392.0
31;50;;DIM;0;392.0
31;51;;DIM;0;392.0
31;52;;DIM;0;392.0
31;53;;DIM;0;392.0
31;54;;DIM;45.5;392.0
31;55;;DIM;0;392.0
31;56;;DIM;0;392.0
31;57;;DIM;0;392.0
31;58;;DIM;0;392.0
31;59;;DIM;0;392.0
31;60;;DIM;0;392.0
31;61;;DIM;0;392.0
31;62;;DIM;0;392.0
31;63;;DIM;0;392.0
31;64;;DIM;0;392.0
31;73;;DIM;0;392.0
31;65;;DIM;0;392.0
31;66;;DIM;0;392.0
31;67;;DIM;0;392.0
31;;100;DIM;8;392.0
31;;101;DIM;0;392.0
31;;102;DIM;6;392.0
31;;103;DIM;0;392.0
31;;104;DIM;0;392.0
31;;105;DIM;8;392.0
31;;110;DIM;0;392.0
31;;111;DIM;0;392.0
31;;112;DIM;0;392.0
31;;113;DIM;0;392.0
31;;114;DIM;0;392.0
31;;115;DIM;0;392.0
31;68;;DIM;6.5;392.0
31;69;;DIM;25;392.0
31;70;;DIM;6.5;392.0
31;71;;DIM;25;392.0
31;72;;DIM;0;392.0
31;231;;DIM;0;392.0
31;232;;DIM;0;392.0
31;233;;DIM;0;392.0
31;234;;DIM;0;392.0
31;235;;DIM;0;392.0
32;1;;DIM;0;176.0
32;2;;DIM;0;176.0
32;3;;DIM;0;176.0
32;4;;DIM;0;176.0
32;5;;DIM;0;176.0
32;6;;DIM;0;176.0
32;7;;DIM;0;176.0
32;8;;DIM;27;176.0
32;9;;DIM;12;176.0
32;10;;DIM;0;176.0
32;11;;DIM;15.5;176.0
32;12;;DIM;15.5;176.0
32;13;;DIM;15.5;176.0
32;14;;DIM;15.5;176.0
32;15;;DIM;15.5;176.0
32;16;;DIM;0.5;176.0
32;17;;DIM;0.5;176.0
32;18;;DIM;0.5;176.0
32;19;;DIM;0;176.0
32;20;;DIM;0;176.0
32;21;;DIM;0;176.0
32;22;;DIM;0;176.0
32;23;;DIM;0;176.0
32;24;;DIM;0;176.0
32;25;;DIM;0;176.0
32;26;;DIM;0;176.0
32;27;;DIM;0;176.0
32;28;;DIM;0;176.0
32;29;;DIM;0;176.0
32;30;;DIM;0;176.0
32;31;;DIM;0;176.0
32;32;;DIM;0;176.0
32;33;;DIM;0;176.0
32;34;;DIM;27.5;176.0
32;35;;DIM;27.5;176.0
32;36;;DIM;18.5;176.0
32;37;;DIM;27.5;176.0
32;38;;DIM;27.5;176.0
32;39;;DIM;27.5;176.0
32;40;;DIM;18.5;176.0
32;41;;DIM;27;176.0
32;42;;DIM;27;176.0
32;43;;DIM;27;176.0
32;44;;DIM;27;176.0
32;45;;DIM;27;176.0
32;46;;DIM;27;176.0
32;47;;DIM;27;176.0
32;48;;DIM;0;176.0
32;49;;DIM;0;176.0
32;50;;DIM;0;176.0
32;51;;DIM;0;176.0
32;52;;DIM;0;176.0
32;53;;DIM;0;176.0
32;54;;DIM;45.5;176.0
32;55;;DIM;0;176.0
32;56;;DIM;0;176.0
32;57;;DIM;0;176.0
32;58;;DIM;0;176.0
32;59;;DIM;0;176.0
32;60;;DIM;0;176.0
32;61;;DIM;0;176.0
32;62;;DIM;0;176.0
32;63;;DIM;0;176.0
32;64;;DIM;0;176.0
32;73;;DIM;0;176.0
32;65;;DIM;0;176.0
32;66;;DIM;0;176.0
32;67;;DIM;0;176.0
32;;100;DIM;8;176.0
32;;101;DIM;0;176.0
32;;102;DIM;6;176.0
32;;103;DIM;0;176.0
32;;104;DIM;0;176.0
32;;105;DIM;8;176.0
32;;110;DIM;0;176.0
32;;111;DIM;0;176.0
32;;112;DIM;15.5;176.0
32;;113;DIM;15.5;176.0
32;;114;DIM;0;176.0
32;;115;DIM;0;176.0
32;68;;DIM;6.5;176.0
32;69;;DIM;25;176.0
32;70;;DIM;6.5;176.0
32;71;;DIM;25;176.0
32;72;;DIM;0;176.0
32;231;;DIM;0;176.0
32;232;;DIM;0;176.0
32;233;;DIM;0;176.0
32;234;;DIM;0;176.0
32;235;;DIM;0;176.0
33;1;;DIM;0;80.0
33;2;;DIM;0;80.0
33;3;;DIM;0;80.0
33;4;;DIM;0;80.0
33;5;;DIM;0;80.0
33;6;;DIM;0;80.0
33;7;;DIM;0;80.0
33;8;;DIM;33;80.0
33;9;;DIM;12;80.0
33;10;;DIM;0;80.0
33;11;;DIM;15.5;80.0
33;12;;DIM;15.5;80.0
33;13;;DIM;15.5;80.0
33;14;;DIM;15.5;80.0
33;15;;DIM;15.5;80.0
33;16;;DIM;0.5;80.0
33;17;;DIM;0.5;80.0
33;18;;DIM;0.5;80.0
33;19;;DIM;0;80.0
33;20;;DIM;0;80.0
33;21;;DIM;0;80.0
33;22;;DIM;0;80.0
33;23;;DIM;0;80.0
33;24;;DIM;0;80.0
33;25;;DIM;0;80.0
33;26;;DIM;0;80.0
33;27;;DIM;0;80.0
33;28;;DIM;0;80.0
33;29;;DIM;0;80.0
33;30;;DIM;0;80.0
33;31;;DIM;0;80.0
33;32;;DIM;0;80.0
33;33;;DIM;0;80.0
33;34;;DIM;27.5;80.0
33;35;;DIM;27.5;80.0
33;36;;DIM;18.5;80.0
33;37;;DIM;27.5;80.0
33;38;;DIM;27.5;80.0
33;39;;DIM;27.5;80.0
33;40;;DIM;18.5;80.0
33;41;;DIM;27;80.0
33;42;;DIM;27;80.0
33;43;;DIM;27;80.0
33;44;;DIM;27;80.0
33;45;;DIM;27;80.0
33;46;;DIM;27;80.0
33;47;;DIM;27;80.0
33;48;;DIM;0;80.0
33;49;;DIM;0;80.0
33;50;;DIM;0;80.0
33;51;;DIM;0;80.0
33;52;;DIM;0;80.0
33;53;;DIM;0;80.0
33;54;;DIM;45.5;80.0
33;55;;DIM;0;80.0
33;56;;DIM;0;80.0
33;57;;DIM;0;80.0
33;58;;DIM;0;80.0
33;59;;DIM;0;80.0
33;60;;DIM;0;80.0
33;61;;DIM;0;80.0
33;62;;DIM;0;80.0
33;63;;DIM;0;80.0
33;64;;DIM;0;80.0
33;73;;DIM;0;80.0
33;65;;DIM;0;80.0
33;66;;DIM;0;80.0
33;67;;DIM;0;80.0
33;;100;DIM;8;80.0
33;;101;DIM;0;80.0
33;;102;DIM;6;80.0
33;;103;DIM;0;80.0
33;;104;DIM;25.5;80.0
33;;105;DIM;8;80.0
33;;110;DIM;0;80.0
33;;111;DIM;0;80.0
33;;112;DIM;0;80.0
33;;113;DIM;0;80.0
33;;114;DIM;0;80.0
33;;115;DIM;0;80.0
33;68;;DIM;6.5;80.0
33;69;;DIM;25;80.0
33;70;;DIM;6.5;80.0
33;71;;DIM;25;80.0
33;72;;DIM;0;80.0
33;231;;DIM;0;80.0
33;232;;DIM;0;80.0
33;233;;DIM;0;80.0
33;234;;DIM;0;80.0
33;235;;DIM;0;80.0
34;1;;DIM;0;389.0
34;2;;DIM;0;389.0
34;3;;DIM;0;389.0
34;4;;DIM;0;389.0
34;5;;DIM;0;389.0
34;6;;DIM;0;389.0
34;7;;DIM;0;389.0
34;8;;DIM;0;389.0
34;9;;DIM;0;389.0
34;10;;DIM;0;389.0
34;11;;DIM;15.5;389.0
34;12;;DIM;15.5;389.0
34;13;;DIM;15.5;389.0
34;14;;DIM;15.5;389.0
34;15;;DIM;15.5;389.0
34;16;;DIM;0.5;389.0
34;17;;DIM;0.5;389.0
34;18;;DIM;0.5;389.0
34;19;;DIM;9.5;389.0
34;20;;DIM;9.5;389.0
34;21;;DIM;9.5;389.0
34;22;;DIM;9.5;389.0
34;23;;DIM;9.5;389.0
34;24;;DIM;9.5;389.0
34;25;;DIM;9.5;389.0
34;26;;DIM;9.5;389.0
34;27;;DIM;0;389.0
34;28;;DIM;0;389.0
34;29;;DIM;0;389.0
34;30;;DIM;0;389.0
34;31;;DIM;0;389.0
34;32;;DIM;0;389.0
34;33;;DIM;0;389.0
34;34;;DIM;38;389.0
34;35;;DIM;38;389.0
34;36;;DIM;29;389.0
34;37;;DIM;38;389.0
34;38;;DIM;38;389.0
34;39;;DIM;38;389.0
34;40;;DIM;29;389.0
34;41;;DIM;38;389.0
34;42;;DIM;38;389.0
34;43;;DIM;38;389.0
34;44;;DIM;38;389.0
34;45;;DIM;38;389.0
34;46;;DIM;38;389.0
34;47;;DIM;38;389.0
34;48;;DIM;0;389.0
34;49;;DIM;0;389.0
34;50;;DIM;0;389.0
34;51;;DIM;0;389.0
34;52;;DIM;0;389.0
34;53;;DIM;0;389.0
34;54;;DIM;45.5;389.0
34;55;;DIM;0;389.0
34;56;;DIM;0;389.0
34;57;;DIM;0;389.0
34;58;;DIM;0;389.0
34;59;;DIM;0;389.0
34;60;;DIM;0;389.0
34;61;;DIM;0;389.0
34;62;;DIM;0;389.0
34;63;;DIM;0;389.0
34;64;;DIM;0;389.0
34;73;;DIM;0;389.0
34;65;;DIM;0;389.0
34;66;;DIM;0;389.0
34;67;;DIM;0;389.0
34;;100;DIM;8;389.0
34;;101;DIM;0;389.0
34;;102;DIM;6;389.0
34;;103;DIM;0;389.0
34;;104;DIM;0;389.0
34;;105;DIM;8;389.0
34;;110;DIM;0;389.0
34;;111;DIM;0;389.0
34;;112;DIM;0;389.0
34;;113;DIM;33.5;389.0
34;;114;DIM;0;389.0
34;;115;DIM;0;389.0
34;68;;DIM;6.5;389.0
34;69;;DIM;25;389.0
34;70;;DIM;6.5;389.0
34;71;;DIM;25;389.0
34;72;;DIM;0;389.0
34;231;;DIM;0;389.0
34;232;;DIM;0;389.0
34;233;;DIM;0;389.0
34;234;;DIM;0;389.0
34;235;;DIM;0;389.0
35;1;;DIM;30;201.0
35;2;;DIM;30;201.0
35;3;;DIM;30;201.0
35;4;;DIM;30;201.0
35;5;;DIM;30;201.0
35;6;;DIM;0;201.0
35;7;;DIM;0;201.0
35;8;;DIM;0;201.0
35;9;;DIM;0;201.0
35;10;;DIM;0;201.0
35;11;;DIM;15.5;201.0
35;12;;DIM;15.5;201.0
35;13;;DIM;15.5;201.0
35;14;;DIM;15.5;201.0
35;15;;DIM;15.5;201.0
35;16;;DIM;0.5;201.0
35;17;;DIM;0.5;201.0
35;18;;DIM;0.5;201.0
35;19;;DIM;9.5;201.0
35;20;;DIM;9.5;201.0
35;21;;DIM;9.5;201.0
35;22;;DIM;9.5;201.0
35;23;;DIM;9.5;201.0
35;24;;DIM;9.5;201.0
35;25;;DIM;9.5;201.0
35;26;;DIM;9.5;201.0
35;27;;DIM;0;201.0
35;28;;DIM;0;201.0
35;29;;DIM;0;201.0
35;30;;DIM;0;201.0
35;31;;DIM;0;201.0
35;32;;DIM;0;201.0
35;33;;DIM;0;201.0
35;34;;DIM;38;201.0
35;35;;DIM;38;201.0
35;36;;DIM;29;201.0
35;37;;DIM;38;201.0
35;38;;DIM;38;201.0
35;39;;DIM;38;201.0
35;40;;DIM;29;201.0
35;41;;DIM;38;201.0
35;42;;DIM;38;201.0
35;43;;DIM;38;201.0
35;44;;DIM;38;201.0
35;45;;DIM;38;201.0
35;46;;DIM;38;201.0
35;47;;DIM;38;201.0
35;48;;DIM;0;201.0
35;49;;DIM;0;201.0
35;50;;DIM;0;201.0
35;51;;DIM;0;201.0
35;52;;DIM;0;201.0
35;53;;DIM;0;201.0
35;54;;DIM;45.5;201.0
35;55;;DIM;0;201.0
35;56;;DIM;0;201.0
35;57;;DIM;0;201.0
35;58;;DIM;0;201.0
35;59;;DIM;0;201.0
35;60;;DIM;0;201.0
35;61;;DIM;0;201.0
35;62;;DIM;0;201.0
35;63;;DIM;0;201.0
35;64;;DIM;0;201.0
35;73;;DIM;0;201.0
35;65;;DIM;0;201.0
35;66;;DIM;0;201.0
35;67;;DIM;0;201.0
35;;100;DIM;8;201.0
35;;101;DIM;0;201.0
35;;102;DIM;6;201.0
35;;103;DIM;0;201.0
35;;104;DIM;0;201.0
35;;105;DIM;8;201.0
35;;110;DIM;0;201.0
35;;111;DIM;0;201.0
35;;112;DIM;0;201.0
35;;113;DIM;1;201.0
35;;114;DIM;0;201.0
35;;115;DIM;0;201.0
35;68;;DIM;6.5;201.0
35;69;;DIM;25;201.0
35;70;;DIM;6.5;201.0
35;71;;DIM;25;201.0
35;72;;DIM;0;201.0
35;231;;DIM;0;201.0
35;232;;DIM;0;201.0
35;233;;DIM;0;201.0
35;234;;DIM;0;201.0
35;235;;DIM;0;201.0
36;;104;DIM;22.5;370.0
37;;104;DIM;0;277.0
38;232;;DIM;45;38.0
38;233;;DIM;45;38.0
38;234;;DIM;45;38.0
38;235;;DIM;45;38.0
39;11;;DIM;0;260.0
39;12;;DIM;0;260.0
39;13;;DIM;0;260.0
39;14;;DIM;0;260.0
39;15;;DIM;0;260.0
39;16;;DIM;0;260.0
39;17;;DIM;0;260.0
39;18;;DIM;0;260.0
39;19;;DIM;0;260.0
39;20;;DIM;0;260.0
39;21;;DIM;0;260.0
39;22;;DIM;0;260.0
39;23;;DIM;0;260.0
39;24;;DIM;0;260.0
39;25;;DIM;0;260.0
39;26;;DIM;0;260.0
39;34;;DIM;28.5;260.0
39;35;;DIM;28.5;260.0
39;36;;DIM;19.5;260.0
39;37;;DIM;28.5;260.0
39;38;;DIM;28.5;260.0
39;39;;DIM;28.5;260.0
39;40;;DIM;19.5;260.0
39;41;;DIM;35;260.0
39;42;;DIM;35;260.0
39;43;;DIM;35;260.0
39;44;;DIM;35;260.0
39;45;;DIM;35;260.0
39;46;;DIM;35;260.0
39;47;;DIM;35;260.0
39;232;;DIM;0;260.0
39;233;;DIM;0;260.0
39;234;;DIM;0;260.0
39;235;;DIM;0;260.0
40;52;;DIM;16.5;343.0
41;1;;DIM;0;192.0
41;2;;DIM;0;192.0
41;3;;DIM;0;192.0
41;4;;DIM;0;192.0
41;5;;DIM;0;192.0
41;6;;DIM;0;192.0
41;7;;DIM;0;192.0
41;8;;DIM;18;192.0
41;9;;DIM;19.5;192.0
41;10;;DIM;0;192.0
41;11;;DIM;15.5;192.0
41;12;;DIM;15.5;192.0
41;13;;DIM;15.5;192.0
41;14;;DIM;15.5;192.0
41;15;;DIM;15.5;192.0
41;16;;DIM;0.5;192.0
41;17;;DIM;0.5;192.0
41;18;;DIM;0.5;192.0
41;19;;DIM;9.5;192.0
41;20;;DIM;9.5;192.0
41;21;;DIM;9.5;192.0
41;22;;DIM;9.5;192.0
41;23;;DIM;9.5;192.0
41;24;;DIM;9.5;192.0
41;25;;DIM;9.5;192.0
41;26;;DIM;9.5;192.0
41;27;;DIM;0;192.0
41;28;;DIM;0;192.0
41;29;;DIM;0;192.0
41;30;;DIM;0;192.0
41;31;;DIM;0;192.0
41;32;;DIM;0;192.0
41;33;;DIM;0;192.0
41;34;;DIM;28;192.0
41;35;;DIM;28;192.0
41;36;;DIM;19;192.0
41;37;;DIM;28;192.0
41;38;;DIM;28;192.0
41;39;;DIM;28;192.0
41;40;;DIM;19;192.0
41;41;;DIM;27.5;192.0
41;42;;DIM;27.5;192.0
41;43;;DIM;27.5;192.0
41;44;;DIM;27.5;192.0
41;45;;DIM;27.5;192.0
41;46;;DIM;27.5;192.0
41;47;;DIM;27.5;192.0
41;48;;DIM;0;192.0
41;49;;DIM;0;192.0
41;50;;DIM;0;192.0
41;51;;DIM;0;192.0
41;52;;DIM;0;192.0
41;53;;DIM;0;192.0
41;54;;DIM;45.5;192.0
41;55;;DIM;0;192.0
41;56;;DIM;0;192.0
41;57;;DIM;0;192.0
41;58;;DIM;0;192.0
41;59;;DIM;0;192.0
41;60;;DIM;17.137253;192.0
41;61;;DIM;0;192.0
41;62;;DIM;0;192.0
41;63;;DIM;0;192.0
41;64;;DIM;0;192.0
41;73;;DIM;0;192.0
41;65;;DIM;0;192.0
41;66;;DIM;0;192.0
41;67;;DIM;0;192.0
41;;100;DIM;8;192.0
41;;101;DIM;0;192.0
41;;102;DIM;6;192.0
41;;103;DIM;0;192.0
41;;104;DIM;0;192.0
41;;105;DIM;8;192.0
41;;110;DIM;0;192.0
41;;111;DIM;0;192.0
41;;112;DIM;0;192.0
41;;113;DIM;20;192.0
41;;114;DIM;0;192.0
41;;115;DIM;0;192.0
41;68;;DIM;6.5;192.0
41;69;;DIM;0;192.0
41;70;;DIM;6.5;192.0
41;71;;DIM;25;192.0
41;72;;DIM;0;192.0
41;231;;DIM;0;192.0
41;232;;DIM;0;192.0
41;233;;DIM;0;192.0
41;234;;DIM;0;192.0
41;235;;DIM;0;192.0
41;;112;DIM;13.5;192.0
41;;113;DIM;14.5;192.0
41;;112;DIM;0;192.0
41;;113;DIM;1;192.0
44;1;;DIM;0;95.0
44;2;;DIM;0;95.0
44;3;;DIM;0;95.0
44;4;;DIM;0;95.0
44;5;;DIM;0;95.0
44;6;;DIM;0;95.0
44;7;;DIM;0;95.0
44;8;;DIM;0;95.0
44;9;;DIM;0;95.0
44;10;;DIM;0;95.0
44;11;;DIM;15.5;95.0
44;12;;DIM;15.5;95.0
44;13;;DIM;15.5;95.0
44;14;;DIM;15.5;95.0
44;15;;DIM;15.5;95.0
44;16;;DIM;0.5;95.0
44;17;;DIM;0.5;95.0
44;18;;DIM;0.5;95.0
44;19;;DIM;9.5;95.0
44;20;;DIM;9.5;95.0
44;21;;DIM;9.5;95.0
44;22;;DIM;9.5;95.0
44;23;;DIM;9.5;95.0
44;24;;DIM;9.5;95.0
44;25;;DIM;9.5;95.0
44;26;;DIM;9.5;95.0
44;27;;DIM;0;95.0
44;28;;DIM;0;95.0
44;29;;DIM;0;95.0
44;30;;DIM;0;95.0
44;31;;DIM;0;95.0
44;32;;DIM;0;95.0
44;33;;DIM;0;95.0
44;34;;DIM;36.5;95.0
44;35;;DIM;36.5;95.0
44;36;;DIM;27.5;95.0
44;37;;DIM;36.5;95.0
44;38;;DIM;36.5;95.0
44;39;;DIM;36.5;95.0
44;40;;DIM;27.5;95.0
44;41;;DIM;34;95.0
44;42;;DIM;34;95.0
44;43;;DIM;34;95.0
44;44;;DIM;34;95.0
44;45;;DIM;34;95.0
44;46;;DIM;34;95.0
44;47;;DIM;34;95.0
44;48;;DIM;0;95.0
44;49;;DIM;0;95.0
44;50;;DIM;0;95.0
44;51;;DIM;0;95.0
44;52;;DIM;0;95.0
44;53;;DIM;0;95.0
44;54;;DIM;45.5;95.0
44;55;;DIM;0;95.0
44;56;;DIM;0;95.0
44;57;;DIM;0;95.0
44;58;;DIM;0;95.0
44;59;;DIM;0;95.0
44;60;;DIM;0;95.0
44;61;;DIM;0;95.0
44;62;;DIM;0;95.0
44;63;;DIM;0;95.0
44;64;;DIM;0;95.0
44;73;;DIM;0;95.0
44;65;;DIM;0;95.0
44;66;;DIM;0;95.0
44;67;;DIM;0;95.0
44;;100;DIM;8;95.0
44;;101;DIM;0;95.0
44;;102;DIM;6;95.0
44;;103;DIM;0;95.0
44;;104;DIM;0;95.0
44;;105;DIM;8;95.0
44;;110;DIM;0;95.0
44;;111;DIM;0;95.0
44;;112;DIM;23;95.0
44;;113;DIM;24;95.0
44;;114;DIM;0;95.0
44;;115;DIM;0;95.0
44;68;;DIM;6.5;95.0
44;69;;DIM;25;95.0
44;70;;DIM;6.5;95.0
44;71;;DIM;25;95.0
44;72;;DIM;0;95.0
44;231;;DIM;0;95.0
44;232;;DIM;0;95.0
44;233;;DIM;0;95.0
44;234;;DIM;0;95.0
44;235;;DIM;0;95.0
45;1;;DIM;0;248.0
45;2;;DIM;0;248.0
45;3;;DIM;0;248.0
45;4;;DIM;0;248.0
45;5;;DIM;0;248.0
45;6;;DIM;0;248.0
45;7;;DIM;0;248.0
45;8;;DIM;0;248.0
45;9;;DIM;0;248.0
45;10;;DIM;0;248.0
45;11;;DIM;15.5;248.0
45;12;;DIM;15.5;248.0
45;13;;DIM;15.5;248.0
45;14;;DIM;15.5;248.0
45;15;;DIM;15.5;248.0
45;16;;DIM;0.5;248.0
45;17;;DIM;0.5;248.0
45;18;;DIM;0.5;248.0
45;19;;DIM;9.5;248.0
45;20;;DIM;9.5;248.0
45;21;;DIM;9.5;248.0
45;22;;DIM;9.5;248.0
45;23;;DIM;9.5;248.0
45;24;;DIM;9.5;248.0
45;25;;DIM;9.5;248.0
45;26;;DIM;9.5;248.0
45;27;;DIM;0;248.0
45;28;;DIM;0;248.0
45;29;;DIM;0;248.0
45;30;;DIM;0;248.0
45;31;;DIM;0;248.0
45;32;;DIM;0;248.0
45;33;;DIM;0;248.0
45;34;;DIM;36.5;248.0
45;35;;DIM;36.5;248.0
45;36;;DIM;27.5;248.0
45;37;;DIM;36.5;248.0
45;38;;DIM;36.5;248.0
45;39;;DIM;36.5;248.0
45;40;;DIM;27.5;248.0
45;41;;DIM;34;248.0
45;42;;DIM;34;248.0
45;43;;DIM;34;248.0
45;44;;DIM;34;248.0
45;45;;DIM;34;248.0
45;46;;DIM;34;248.0
45;47;;DIM;34;248.0
45;48;;DIM;0;248.0
45;49;;DIM;0;248.0
45;50;;DIM;0;248.0
45;51;;DIM;0;248.0
45;52;;DIM;0;248.0
45;53;;DIM;0;248.0
45;54;;DIM;45.5;248.0
45;55;;DIM;0;248.0
45;56;;DIM;0;248.0
45;57;;DIM;0;248.0
45;58;;DIM;0;248.0
45;59;;DIM;0;248.0
45;60;;DIM;0;248.0
45;61;;DIM;0;248.0
45;62;;DIM;0;248.0
45;63;;DIM;0;248.0
45;64;;DIM;0;248.0
45;73;;DIM;0;248.0
45;65;;DIM;0;248.0
45;66;;DIM;0;248.0
45;67;;DIM;0;248.0
45;;100;DIM;0;248.0
45;;101;DIM;0;248.0
45;;102;DIM;6;248.0
45;;103;DIM;0;248.0
45;;104;DIM;0;248.0
45;;105;DIM;16.5;248.0
45;;110;DIM;0;248.0
45;;111;DIM;0;248.0
45;;112;DIM;0;248.0
45;;113;DIM;0;248.0
45;;114;DIM;0;248.0
45;;115;DIM;0;248.0
45;68;;DIM;0;248.0
45;69;;DIM;0;248.0
45;70;;DIM;0;248.0
45;71;;DIM;0;248.0
45;72;;DIM;0;248.0
45;231;;DIM;0;248.0
45;232;;DIM;0;248.0
45;233;;DIM;0;248.0
45;234;;DIM;0;248.0
45;235;;DIM;0;248.0
46;1;;DIM;0;175.0
46;2;;DIM;0;175.0
46;3;;DIM;0;175.0
46;4;;DIM;0;175.0
46;5;;DIM;0;175.0
46;6;;DIM;0;175.0
46;7;;DIM;0;175.0
46;8;;DIM;0;175.0
46;9;;DIM;0;175.0
46;10;;DIM;0;175.0
46;11;;DIM;15.5;175.0
46;12;;DIM;15.5;175.0
46;13;;DIM;15.5;175.0
46;14;;DIM;15.5;175.0
46;15;;DIM;15.5;175.0
46;16;;DIM;0.5;175.0
46;17;;DIM;0.5;175.0
46;18;;DIM;0.5;175.0
46;19;;DIM;9.5;175.0
46;20;;DIM;9.5;175.0
46;21;;DIM;9.5;175.0
46;22;;DIM;9.5;175.0
46;23;;DIM;9.5;175.0
46;24;;DIM;9.5;175.0
46;25;;DIM;9.5;175.0
46;26;;DIM;9.5;175.0
46;27;;DIM;0;175.0
46;28;;DIM;0;175.0
46;29;;DIM;0;175.0
46;30;;DIM;0;175.0
46;31;;DIM;0;175.0
46;32;;DIM;0;175.0
46;33;;DIM;0;175.0
46;34;;DIM;36.5;175.0
46;35;;DIM;36.5;175.0
46;36;;DIM;27.5;175.0
46;37;;DIM;36.5;175.0
46;38;;DIM;36.5;175.0
46;39;;DIM;36.5;175.0
46;40;;DIM;27.5;175.0
46;41;;DIM;34;175.0
46;42;;DIM;34;175.0
46;43;;DIM;34;175.0
46;44;;DIM;34;175.0
46;45;;DIM;34;175.0
46;46;;DIM;34;175.0
46;47;;DIM;34;175.0
46;48;;DIM;0;175.0
46;49;;DIM;0;175.0
46;50;;DIM;0;175.0
46;51;;DIM;0;175.0
46;52;;DIM;0;175.0
46;53;;DIM;0;175.0
46;54;;DIM;45.5;175.0
46;55;;DIM;0;175.0
46;56;;DIM;0;175.0
46;57;;DIM;0;175.0
46;58;;DIM;0;175.0
46;59;;DIM;0;175.0
46;60;;DIM;0;175.0
46;61;;DIM;0;175.0
46;62;;DIM;0;175.0
46;63;;DIM;0;175.0
46;64;;DIM;0;175.0
46;73;;DIM;0;175.0
46;65;;DIM;0;175.0
46;66;;DIM;0;175.0
46;67;;DIM;0;175.0
46;;100;DIM;0;175.0
46;;101;DIM;0;175.0
46;;102;DIM;6;175.0
46;;103;DIM;0;175.0
46;;104;DIM;0;175.0
46;;105;DIM;20;175.0
46;;110;DIM;0;175.0
46;;111;DIM;0;175.0
46;;112;DIM;0;175.0
46;;113;DIM;0;175.0
46;;114;DIM;0;175.0
46;;115;DIM;0;175.0
46;68;;DIM;0;175.0
46;69;;DIM;0;175.0
46;70;;DIM;0;175.0
46;71;;DIM;0;175.0
46;72;;DIM;0;175.0
46;231;;DIM;0;175.0
46;232;;DIM;48.5;175.0
46;233;;DIM;48.5;175.0
46;234;;DIM;48.5;175.0
46;235;;DIM;48.5;175.0
47;1;;DIM;0;358.0
47;2;;DIM;0;358.0
47;3;;DIM;0;358.0
47;4;;DIM;0;358.0
47;5;;DIM;0;358.0
47;6;;DIM;0;358.0
47;7;;DIM;0;358.0
47;8;;DIM;0;358.0
47;9;;DIM;0;358.0
47;10;;DIM;0;358.0
47;11;;DIM;15.5;358.0
47;12;;DIM;15.5;358.0
47;13;;DIM;15.5;358.0
47;14;;DIM;15.5;358.0
47;15;;DIM;15.5;358.0
47;16;;DIM;0.5;358.0
47;17;;DIM;0.5;358.0
47;18;;DIM;0.5;358.0
47;19;;DIM;9.5;358.0
47;20;;DIM;9.5;358.0
47;21;;DIM;9.5;358.0
47;22;;DIM;9.5;358.0
47;23;;DIM;9.5;358.0
47;24;;DIM;9.5;358.0
47;25;;DIM;9.5;358.0
47;26;;DIM;9.5;358.0
47;27;;DIM;0;358.0
47;28;;DIM;0;358.0
47;29;;DIM;0;358.0
47;30;;DIM;0;358.0
47;31;;DIM;0;358.0
47;32;;DIM;0;358.0
47;33;;DIM;0;358.0
47;34;;DIM;52.5;358.0
47;35;;DIM;52.5;358.0
47;36;;DIM;43.5;358.0
47;37;;DIM;52.5;358.0
47;38;;DIM;52.5;358.0
47;39;;DIM;52.5;358.0
47;40;;DIM;43.5;358.0
47;41;;DIM;52.5;358.0
47;42;;DIM;52.5;358.0
47;43;;DIM;52.5;358.0
47;44;;DIM;52.5;358.0
47;45;;DIM;52.5;358.0
47;46;;DIM;52.5;358.0
47;47;;DIM;52.5;358.0
47;48;;DIM;0;358.0
47;49;;DIM;0;358.0
47;50;;DIM;0;358.0
47;51;;DIM;0;358.0
47;52;;DIM;0;358.0
47;53;;DIM;0;358.0
47;54;;DIM;45.5;358.0
47;55;;DIM;0;358.0
47;56;;DIM;0;358.0
47;57;;DIM;0;358.0
47;58;;DIM;0;358.0
47;59;;DIM;0;358.0
47;60;;DIM;0;358.0
47;61;;DIM;0;358.0
47;62;;DIM;0;358.0
47;63;;DIM;0;358.0
47;64;;DIM;0;358.0
47;73;;DIM;0;358.0
47;65;;DIM;0;358.0
47;66;;DIM;0;358.0
47;67;;DIM;0;358.0
47;;100;DIM;0;358.0
47;;101;DIM;0;358.0
47;;102;DIM;6;358.0
47;;103;DIM;23;358.0
47;;104;DIM;0;358.0
47;;105;DIM;0;358.0
47;;110;DIM;0;358.0
47;;111;DIM;0;358.0
47;;112;DIM;0;358.0
47;;113;DIM;0;358.0
47;;114;DIM;0;358.0
47;;115;DIM;0;358.0
47;68;;DIM;0;358.0
47;69;;DIM;0;358.0
47;70;;DIM;0;358.0
47;71;;DIM;0;358.0
47;72;;DIM;0;358.0
47;231;;DIM;0;358.0
47;232;;DIM;0;358.0
47;233;;DIM;0;358.0
47;234;;DIM;0;358.0
47;235;;DIM;0;358.0
48;1;;DIM;27.5;349.0
48;2;;DIM;27.5;349.0
48;3;;DIM;27.5;349.0
48;4;;DIM;27.5;349.0
48;5;;DIM;27.5;349.0
48;6;;DIM;0;349.0
48;7;;DIM;0;349.0
48;8;;DIM;0;349.0
48;9;;DIM;0;349.0
48;10;;DIM;0;349.0
48;11;;DIM;15.5;349.0
48;12;;DIM;15.5;349.0
48;13;;DIM;50;349.0
48;14;;DIM;15.5;349.0
48;15;;DIM;15.5;349.0
48;16;;DIM;0.5;349.0
48;17;;DIM;0.5;349.0
48;18;;DIM;0.5;349.0
48;19;;DIM;7;349.0
48;20;;DIM;7;349.0
48;21;;DIM;7;349.0
48;22;;DIM;7;349.0
48;23;;DIM;7;349.0
48;24;;DIM;7;349.0
48;25;;DIM;7;349.0
48;26;;DIM;7;349.0
48;27;;DIM;0;349.0
48;28;;DIM;0;349.0
48;29;;DIM;0;349.0
48;30;;DIM;0;349.0
48;31;;DIM;0;349.0
48;32;;DIM;0;349.0
48;33;;DIM;0;349.0
48;34;;DIM;52.5;349.0
48;35;;DIM;52.5;349.0
48;36;;DIM;43.5;349.0
48;37;;DIM;52.5;349.0
48;38;;DIM;52.5;349.0
48;39;;DIM;52.5;349.0
48;40;;DIM;43.5;349.0
48;41;;DIM;52.5;349.0
48;42;;DIM;52.5;349.0
48;43;;DIM;52.5;349.0
48;44;;DIM;52.5;349.0
48;45;;DIM;52.5;349.0
48;46;;DIM;52.5;349.0
48;47;;DIM;52.5;349.0
48;48;;DIM;0;349.0
48;49;;DIM;0;349.0
48;50;;DIM;0;349.0
48;51;;DIM;0;349.0
48;52;;DIM;18;349.0
48;53;;DIM;0;349.0
48;54;;DIM;45.5;349.0
48;55;;DIM;0;349.0
48;56;;DIM;0;349.0
48;57;;DIM;0;349.0
48;58;;DIM;0;349.0
48;59;;DIM;0;349.0
48;60;;DIM;0;349.0
48;61;;DIM;0;349.0
48;62;;DIM;0;349.0
48;63;;DIM;0;349.0
48;64;;DIM;0;349.0
48;73;;DIM;0;349.0
48;65;;DIM;0;349.0
48;66;;DIM;0;349.0
48;67;;DIM;0;349.0
48;;100;DIM;0;349.0
48;;101;DIM;0;349.0
48;;102;DIM;6;349.0
48;;103;DIM;0;349.0
48;;104;DIM;0;349.0
48;;105;DIM;12;349.0
48;;110;DIM;0;349.0
48;;111;DIM;0;349.0
48;;112;DIM;0;349.0
48;;113;DIM;0;349.0
48;;114;DIM;0;349.0
48;;115;DIM;0;349.0
48;68;;DIM;0;349.0
48;69;;DIM;0;349.0
48;70;;DIM;0;349.0
48;71;;DIM;0;349.0
48;72;;DIM;0;349.0
48;231;;DIM;0;349.0
48;232;;DIM;0;349.0
48;233;;DIM;0;349.0
48;234;;DIM;0;349.0
48;235;;DIM;0;349.0
49;1;;DIM;0;47.0
49;2;;DIM;0;47.0
49;3;;DIM;0;47.0
49;4;;DIM;0;47.0
49;5;;DIM;0;47.0
49;6;;DIM;0;47.0
49;7;;DIM;0;47.0
49;8;;DIM;21;47.0
49;9;;DIM;22.5;47.0
49;10;;DIM;0;47.0
49;11;;DIM;15.5;47.0
49;12;;DIM;15.5;47.0
49;13;;DIM;15.5;47.0
49;14;;DIM;15.5;47.0
49;15;;DIM;15.5;47.0
49;16;;DIM;0.5;47.0
49;17;;DIM;0.5;47.0
49;18;;DIM;0.5;47.0
49;19;;DIM;9.5;47.0
49;20;;DIM;9.5;47.0
49;21;;DIM;9.5;47.0
49;22;;DIM;9.5;47.0
49;23;;DIM;9.5;47.0
49;24;;DIM;9.5;47.0
49;25;;DIM;9.5;47.0
49;26;;DIM;9.5;47.0
49;27;;DIM;0;47.0
49;28;;DIM;0;47.0
49;29;;DIM;0;47.0
49;30;;DIM;0;47.0
49;31;;DIM;0;47.0
49;32;;DIM;0;47.0
49;33;;DIM;0;47.0
49;34;;DIM;31;47.0
49;35;;DIM;31;47.0
49;36;;DIM;22;47.0
49;37;;DIM;31;47.0
49;38;;DIM;31;47.0
49;39;;DIM;31;47.0
49;40;;DIM;22;47.0
49;41;;DIM;32.5;47.0
49;42;;DIM;32.5;47.0
49;43;;DIM;32.5;47.0
49;44;;DIM;32.5;47.0
49;45;;DIM;32.5;47.0
49;46;;DIM;32.5;47.0
49;47;;DIM;32.5;47.0
49;48;;DIM;0;47.0
49;49;;DIM;0;47.0
49;50;;DIM;0;47.0
49;51;;DIM;0;47.0
49;52;;DIM;0;47.0
49;53;;DIM;0;47.0
49;54;;DIM;45.5;47.0
49;55;;DIM;17.5;47.0
49;56;;DIM;0;47.0
49;57;;DIM;0;47.0
49;58;;DIM;0;47.0
49;59;;DIM;0;47.0
49;60;;DIM;14.67647;47.0
49;61;;DIM;0;47.0
49;62;;DIM;0;47.0
49;63;;DIM;0;47.0
49;64;;DIM;0;47.0
49;73;;DIM;0;47.0
49;65;;DIM;0;47.0
49;66;;DIM;0;47.0
49;67;;DIM;0;47.0
49;;100;DIM;8;47.0
49;;101;DIM;0;47.0
49;;102;DIM;6;47.0
49;;103;DIM;0;47.0
49;;104;DIM;0;47.0
49;;105;DIM;8;47.0
49;;110;DIM;0;47.0
49;;111;DIM;0;47.0
49;;112;DIM;0;47.0
49;;113;DIM;19;47.0
49;;114;DIM;0;47.0
49;;115;DIM;0;47.0
49;68;;DIM;7.5;47.0
49;69;;DIM;0;47.0
49;70;;DIM;7.5;47.0
49;71;;DIM;25;47.0
49;72;;DIM;0;47.0
49;231;;DIM;0;47.0
49;232;;DIM;0;47.0
49;233;;DIM;0;47.0
49;234;;DIM;0;47.0
49;235;;DIM;0;47.0
50;;101;DIM;17;395.0
51;;101;DIM;0;54.0
52;1;;DIM;0;203.0
52;2;;DIM;0;203.0
52;3;;DIM;0;203.0
52;4;;DIM;0;203.0
52;5;;DIM;0;203.0
52;6;;DIM;0;203.0
52;7;;DIM;0;203.0
52;8;;DIM;21;203.0
52;9;;DIM;22.5;203.0
52;10;;DIM;0;203.0
52;11;;DIM;15.5;203.0
52;12;;DIM;15.5;203.0
52;13;;DIM;15.5;203.0
52;14;;DIM;15.5;203.0
52;15;;DIM;15.5;203.0
52;16;;DIM;0.5;203.0
52;17;;DIM;0.5;203.0
52;18;;DIM;0.5;203.0
52;19;;DIM;9.5;203.0
52;20;;DIM;9.5;203.0
52;21;;DIM;9.5;203.0
52;22;;DIM;9.5;203.0
52;23;;DIM;9.5;203.0
52;24;;DIM;9.5;203.0
52;25;;DIM;9.5;203.0
52;26;;DIM;9.5;203.0
52;27;;DIM;0;203.0
52;28;;DIM;0;203.0
52;29;;DIM;0;203.0
52;30;;DIM;0;203.0
52;31;;DIM;0;203.0
52;32;;DIM;0;203.0
52;33;;DIM;0;203.0
52;34;;DIM;1.5;203.0
52;35;;DIM;1.5;203.0
52;36;;DIM;0;203.0
52;37;;DIM;1.5;203.0
52;38;;DIM;1.5;203.0
52;39;;DIM;1.5;203.0
52;40;;DIM;0;203.0
52;41;;DIM;1;203.0
52;42;;DIM;1;203.0
52;43;;DIM;1;203.0
52;44;;DIM;1;203.0
52;45;;DIM;1;203.0
52;46;;DIM;1;203.0
52;47;;DIM;1;203.0
52;48;;DIM;64;203.0
52;49;;DIM;64;203.0
52;50;;DIM;64;203.0
52;51;;DIM;64;203.0
52;52;;DIM;0;203.0
52;53;;DIM;0;203.0
52;54;;DIM;45.5;203.0
52;55;;DIM;0;203.0
52;56;;DIM;0;203.0
52;57;;DIM;0;203.0
52;58;;DIM;0;203.0
52;59;;DIM;0;203.0
52;60;;DIM;0;203.0
52;61;;DIM;0;203.0
52;62;;DIM;0;203.0
52;63;;DIM;30;203.0
52;64;;DIM;0;203.0
52;73;;DIM;0;203.0
52;65;;DIM;0;203.0
52;66;;DIM;0;203.0
52;67;;DIM;0;203.0
52;;100;DIM;8;203.0
52;;101;DIM;0;203.0
52;;102;DIM;6;203.0
52;;103;DIM;0;203.0
52;;104;DIM;0;203.0
52;;105;DIM;8;203.0
52;;110;DIM;0;203.0
52;;111;DIM;0;203.0
52;;112;DIM;0;203.0
52;;113;DIM;1;203.0
52;;114;DIM;0;203.0
52;;115;DIM;0;203.0
52;68;;DIM;6.5;203.0
52;69;;DIM;25;203.0
52;70;;DIM;6.5;203.0
52;71;;DIM;25;203.0
52;72;;DIM;0;203.0
52;231;;DIM;0;203.0
52;232;;DIM;0;203.0
52;233;;DIM;0;203.0
52;234;;DIM;0;203.0
52;235;;DIM;0;203.0
53;1;;DIM;0;147.0
53;2;;DIM;0;147.0
53;3;;DIM;0;147.0
53;4;;DIM;0;147.0
53;5;;DIM;0;147.0
53;6;;DIM;0;147.0
53;7;;DIM;0;147.0
53;8;;DIM;21;147.0
53;9;;DIM;22.5;147.0
53;10;;DIM;0;147.0
53;11;;DIM;15.5;147.0
53;12;;DIM;15.5;147.0
53;13;;DIM;15.5;147.0
53;14;;DIM;15.5;147.0
53;15;;DIM;15.5;147.0
53;16;;DIM;0.5;147.0
53;17;;DIM;0.5;147.0
53;18;;DIM;0.5;147.0
53;19;;DIM;9.5;147.0
53;20;;DIM;9.5;147.0
53;21;;DIM;9.5;147.0
53;22;;DIM;9.5;147.0
53;23;;DIM;9.5;147.0
53;24;;DIM;9.5;147.0
53;25;;DIM;9.5;147.0
53;26;;DIM;9.5;147.0
53;27;;DIM;0;147.0
53;28;;DIM;0;147.0
53;29;;DIM;0;147.0
53;30;;DIM;0;147.0
53;31;;DIM;0;147.0
53;32;;DIM;0;147.0
53;33;;DIM;0;147.0
53;34;;DIM;1.5;147.0
53;35;;DIM;1.5;147.0
53;36;;DIM;0;147.0
53;37;;DIM;1.5;147.0
53;38;;DIM;1.5;147.0
53;39;;DIM;1.5;147.0
53;40;;DIM;0;147.0
53;41;;DIM;1;147.0
53;42;;DIM;1;147.0
53;43;;DIM;1;147.0
53;44;;DIM;1;147.0
53;45;;DIM;1;147.0
53;46;;DIM;1;147.0
53;47;;DIM;1;147.0
53;48;;DIM;64;147.0
53;49;;DIM;64;147.0
53;50;;DIM;64;147.0
53;51;;DIM;64;147.0
53;52;;DIM;0;147.0
53;53;;DIM;0;147.0
53;54;;DIM;45.5;147.0
53;55;;DIM;0;147.0
53;56;;DIM;0;147.0
53;57;;DIM;0;147.0
53;58;;DIM;0;147.0
53;59;;DIM;0;147.0
53;60;;DIM;0;147.0
53;61;;DIM;0;147.0
53;62;;DIM;0;147.0
53;63;;DIM;0;147.0
53;64;;DIM;0;147.0
53;73;;DIM;0;147.0
53;65;;DIM;0;147.0
53;66;;DIM;0;147.0
53;67;;DIM;0;147.0
53;;100;DIM;8;147.0
53;;101;DIM;0;147.0
53;;102;DIM;0;147.0
53;;103;DIM;24;147.0
53;;104;DIM;0;147.0
53;;105;DIM;8;147.0
53;;110;DIM;0;147.0
53;;111;DIM;0;147.0
53;;112;DIM;0;147.0
53;;113;DIM;1;147.0
53;;114;DIM;0;147.0
53;;115;DIM;0;147.0
53;68;;DIM;6.5;147.0
53;69;;DIM;25;147.0
53;70;;DIM;6.5;147.0
53;71;;DIM;25;147.0
53;72;;DIM;0;147.0
53;231;;DIM;0;147.0
53;232;;DIM;0;147.0
53;233;;DIM;0;147.0
53;234;;DIM;0;147.0
53;235;;DIM;0;147.0
54;1;;DIM;0;77.0
54;2;;DIM;0;77.0
54;3;;DIM;0;77.0
54;4;;DIM;0;77.0
54;5;;DIM;0;77.0
54;6;;DIM;0;77.0
54;7;;DIM;0;77.0
54;8;;DIM;0;77.0
54;9;;DIM;0;77.0
54;10;;DIM;0;77.0
54;11;;DIM;15.5;77.0
54;12;;DIM;15.5;77.0
54;13;;DIM;15.5;77.0
54;14;;DIM;15.5;77.0
54;15;;DIM;15.5;77.0
54;16;;DIM;0.5;77.0
54;17;;DIM;0.5;77.0
54;18;;DIM;0.5;77.0
54;19;;DIM;9.5;77.0
54;20;;DIM;9.5;77.0
54;21;;DIM;9.5;77.0
54;22;;DIM;9.5;77.0
54;23;;DIM;9.5;77.0
54;24;;DIM;9.5;77.0
54;25;;DIM;9.5;77.0
54;26;;DIM;9.5;77.0
54;27;;DIM;0;77.0
54;28;;DIM;0;77.0
54;29;;DIM;0;77.0
54;30;;DIM;0;77.0
54;31;;DIM;0;77.0
54;32;;DIM;0;77.0
54;33;;DIM;0;77.0
54;34;;DIM;1.5;77.0
54;35;;DIM;1.5;77.0
54;36;;DIM;0;77.0
54;37;;DIM;1.5;77.0
54;38;;DIM;1.5;77.0
54;39;;DIM;1.5;77.0
54;40;;DIM;0;77.0
54;41;;DIM;1;77.0
54;42;;DIM;1;77.0
54;43;;DIM;1;77.0
54;44;;DIM;1;77.0
54;45;;DIM;1;77.0
54;46;;DIM;1;77.0
54;47;;DIM;1;77.0
54;48;;DIM;0;77.0
54;49;;DIM;0;77.0
54;50;;DIM;0;77.0
54;51;;DIM;0;77.0
54;52;;DIM;0;77.0
54;53;;DIM;0;77.0
54;54;;DIM;45.5;77.0
54;55;;DIM;0;77.0
54;56;;DIM;0;77.0
54;57;;DIM;0;77.0
54;58;;DIM;0;77.0
54;59;;DIM;0;77.0
54;60;;DIM;0;77.0
54;61;;DIM;0;77.0
54;62;;DIM;0;77.0
54;63;;DIM;0;77.0
54;64;;DIM;0;77.0
54;73;;DIM;0;77.0
54;65;;DIM;0;77.0
54;66;;DIM;0;77.0
54;67;;DIM;0;77.0
54;;100;DIM;8;77.0
54;;101;DIM;0;77.0
54;;102;DIM;6;77.0
54;;103;DIM;0;77.0
54;;104;DIM;0;77.0
54;;105;DIM;8;77.0
54;;110;DIM;28;77.0
54;;111;DIM;28;77.0
54;;112;DIM;28;77.0
54;;113;DIM;29;77.0
54;;114;DIM;28;77.0
54;;115;DIM;28;77.0
54;68;;DIM;6.5;77.0
54;69;;DIM;25;77.0
54;70;;DIM;6.5;77.0
54;71;;DIM;25;77.0
54;72;;DIM;0;77.0
54;231;;DIM;0;77.0
54;232;;DIM;0;77.0
54;233;;DIM;0;77.0
54;234;;DIM;0;77.0
54;235;;DIM;0;77.0
55;1;;DIM;56.5;55.0
55;2;;DIM;56.5;55.0
55;3;;DIM;56.5;55.0
55;4;;DIM;56.5;55.0
55;5;;DIM;56.5;55.0
55;6;;DIM;0;55.0
55;7;;DIM;0;55.0
55;8;;DIM;0;55.0
55;9;;DIM;0;55.0
55;10;;DIM;0;55.0
55;11;;DIM;15.5;55.0
55;12;;DIM;15.5;55.0
55;13;;DIM;15.5;55.0
55;14;;DIM;15.5;55.0
55;15;;DIM;15.5;55.0
55;16;;DIM;0.5;55.0
55;17;;DIM;0.5;55.0
55;18;;DIM;0.5;55.0
55;19;;DIM;100;55.0
55;20;;DIM;100;55.0
55;21;;DIM;100;55.0
55;22;;DIM;100;55.0
55;23;;DIM;100;55.0
55;24;;DIM;100;55.0
55;25;;DIM;100;55.0
55;26;;DIM;100;55.0
55;27;;DIM;0;55.0
55;28;;DIM;0;55.0
55;29;;DIM;0;55.0
55;30;;DIM;0;55.0
55;31;;DIM;0;55.0
55;32;;DIM;0;55.0
55;33;;DIM;0;55.0
55;34;;DIM;93;55.0
55;35;;DIM;93;55.0
55;36;;DIM;91.5;55.0
55;37;;DIM;93;55.0
55;38;;DIM;93;55.0
55;39;;DIM;93;55.0
55;40;;DIM;91.5;55.0
55;41;;DIM;100;55.0
55;42;;DIM;100;55.0
55;43;;DIM;100;55.0
55;44;;DIM;100;55.0
55;45;;DIM;100;55.0
55;46;;DIM;100;55.0
55;47;;DIM;100;55.0
55;48;;DIM;0;55.0
55;49;;DIM;0;55.0
55;50;;DIM;0;55.0
55;51;;DIM;0;55.0
55;52;;DIM;0;55.0
55;53;;DIM;0;55.0
55;54;;DIM;45.5;55.0
55;55;;DIM;0;55.0
55;56;;DIM;0;55.0
55;57;;DIM;0;55.0
55;58;;DIM;0;55.0
55;59;;DIM;0;55.0
55;60;;DIM;0;55.0
55;61;;DIM;0;55.0
55;62;;DIM;0;55.0
55;63;;DIM;0;55.0
55;64;;DIM;0;55.0
55;73;;DIM;84;55.0
55;65;;DIM;0;55.0
55;66;;DIM;0;55.0
55;67;;DIM;0;55.0
55;;100;DIM;21.5;55.0
55;;101;DIM;0;55.0
55;;102;DIM;6;55.0
55;;103;DIM;0;55.0
55;;104;DIM;0;55.0
55;;105;DIM;8;55.0
55;;110;DIM;0;55.0
55;;111;DIM;0;55.0
55;;112;DIM;0;55.0
55;;113;DIM;0;55.0
55;;114;DIM;0;55.0
55;;115;DIM;0;55.0
55;68;;DIM;6.5;55.0
55;69;;DIM;25;55.0
55;70;;DIM;6.5;55.0
55;71;;DIM;25;55.0
55;72;;DIM;0;55.0
55;236;;DIM;0;55.0
55;237;;DIM;0;55.0
55;238;;DIM;0;55.0
55;239;;DIM;0;55.0
55;240;;DIM;0;55.0
55;231;;DIM;0;55.0
55;241;;DIM;0;55.0
55;232;;DIM;0;55.0
55;233;;DIM;0;55.0
55;234;;DIM;0;55.0
55;235;;DIM;0;55.0
55;1;;DIM;0;55.0
55;2;;DIM;0;55.0
55;3;;DIM;0;55.0
55;4;;DIM;0;55.0
55;5;;DIM;0;55.0
55;6;;DIM;0;55.0
55;7;;DIM;0;55.0
55;8;;DIM;0;55.0
55;9;;DIM;0;55.0
55;10;;DIM;0;55.0
55;11;;DIM;0;55.0
55;12;;DIM;0;55.0
55;13;;DIM;0;55.0
55;14;;DIM;0;55.0
55;15;;DIM;0;55.0
55;16;;DIM;0;55.0
55;17;;DIM;0;55.0
55;18;;DIM;0;55.0
55;19;;DIM;5.5;55.0
55;20;;DIM;5.5;55.0
55;21;;DIM;5.5;55.0
55;22;;DIM;5.5;55.0
55;23;;DIM;5.5;55.0
55;24;;DIM;5.5;55.0
55;25;;DIM;5.5;55.0
55;26;;DIM;5.5;55.0
55;27;;DIM;0;55.0
55;28;;DIM;0;55.0
55;29;;DIM;0;55.0
55;30;;DIM;0;55.0
55;31;;DIM;0;55.0
55;32;;DIM;0;55.0
55;33;;DIM;0;55.0
55;34;;DIM;0;55.0
55;35;;DIM;0;55.0
55;36;;DIM;0;55.0
55;37;;DIM;0;55.0
55;38;;DIM;0;55.0
55;39;;DIM;0;55.0
55;40;;DIM;0;55.0
55;41;;DIM;100;55.0
55;42;;DIM;100;55.0
55;43;;DIM;100;55.0
55;44;;DIM;100;55.0
55;45;;DIM;100;55.0
55;46;;DIM;100;55.0
55;47;;DIM;100;55.0
55;48;;DIM;0;55.0
55;49;;DIM;0;55.0
55;50;;DIM;0;55.0
55;51;;DIM;0;55.0
55;52;;DIM;0;55.0
55;53;;DIM;0;55.0
55;54;;DIM;0;55.0
55;55;;DIM;0;55.0
55;56;;DIM;0;55.0
55;57;;DIM;0;55.0
55;58;;DIM;0;55.0
55;59;;DIM;0;55.0
55;60;;DIM;0;55.0
55;61;;DIM;0;55.0
55;62;;DIM;0;55.0
55;63;;DIM;0;55.0
55;64;;DIM;0;55.0
55;73;;DIM;84;55.0
55;65;;DIM;0;55.0
55;66;;DIM;0;55.0
55;67;;DIM;0;55.0
55;;100;DIM;21.5;55.0
55;;101;DIM;0;55.0
55;;102;DIM;6;55.0
55;;103;DIM;0;55.0
55;;104;DIM;0;55.0
55;;105;DIM;8;55.0
55;;110;DIM;0;55.0
55;;111;DIM;0;55.0
55;;112;DIM;0;55.0
55;;113;DIM;0;55.0
55;;114;DIM;0;55.0
55;;115;DIM;0;55.0
55;68;;DIM;6.5;55.0
55;69;;DIM;0;55.0
55;70;;DIM;6.5;55.0
55;71;;DIM;0;55.0
55;72;;DIM;0;55.0
55;236;;DIM;0;55.0
55;237;;DIM;0;55.0
55;238;;DIM;0;55.0
55;239;;DIM;0;55.0
55;240;;DIM;0;55.0
55;231;;DIM;0;55.0
55;241;;DIM;0;55.0
55;232;;DIM;0;55.0
55;233;;DIM;0;55.0
55;234;;DIM;0;55.0
55;235;;DIM;0;55.0
56;1;;DIM;0;171.0
56;2;;DIM;0;171.0
56;3;;DIM;0;171.0
56;4;;DIM;0;171.0
56;5;;DIM;0;171.0
56;6;;DIM;0;171.0
56;7;;DIM;0;171.0
56;8;;DIM;0;171.0
56;9;;DIM;0;171.0
56;10;;DIM;0;171.0
56;11;;DIM;0;171.0
56;12;;DIM;0;171.0
56;13;;DIM;0;171.0
56;14;;DIM;0;171.0
56;15;;DIM;0;171.0
56;16;;DIM;0;171.0
56;17;;DIM;0;171.0
56;18;;DIM;0;171.0
56;19;;DIM;0;171.0
56;20;;DIM;0;171.0
56;21;;DIM;0;171.0
56;22;;DIM;0;171.0
56;23;;DIM;0;171.0
56;24;;DIM;0;171.0
56;25;;DIM;0;171.0
56;26;;DIM;0;171.0
56;27;;DIM;0;171.0
56;28;;DIM;0;171.0
56;29;;DIM;0;171.0
56;30;;DIM;0;171.0
56;31;;DIM;0;171.0
56;32;;DIM;0;171.0
56;33;;DIM;0;171.0
56;34;;DIM;0;171.0
56;35;;DIM;0;171.0
56;36;;DIM;0;171.0
56;37;;DIM;0;171.0
56;38;;DIM;0;171.0
56;39;;DIM;0;171.0
56;40;;DIM;0;171.0
56;41;;DIM;0;171.0
56;42;;DIM;0;171.0
56;43;;DIM;0;171.0
56;44;;DIM;0;171.0
56;45;;DIM;0;171.0
56;46;;DIM;0;171.0
56;47;;DIM;0;171.0
56;48;;DIM;0;171.0
56;49;;DIM;0;171.0
56;50;;DIM;0;171.0
56;51;;DIM;0;171.0
56;52;;DIM;0;171.0
56;53;;DIM;0;171.0
56;54;;DIM;0;171.0
56;55;;DIM;0;171.0
56;56;;DIM;0;171.0
56;57;;DIM;0;171.0
56;58;;DIM;0;171.0
56;59;;DIM;0;171.0
56;60;;DIM;0;171.0
56;61;;DIM;0;171.0
56;62;;DIM;0;171.0
56;63;;DIM;0;171.0
56;64;;DIM;0;171.0
56;73;;DIM;0;171.0
56;65;;DIM;0;171.0
56;66;;DIM;0;171.0
56;67;;DIM;0;171.0
56;;100;DIM;0;171.0
56;;101;DIM;0;171.0
56;;102;DIM;0;171.0
56;;103;DIM;0;171.0
56;;104;DIM;0;171.0
56;;105;DIM;0;171.0
56;;110;DIM;0;171.0
56;;111;DIM;0;171.0
56;;112;DIM;0;171.0
56;;113;DIM;0;171.0
56;;114;DIM;0;171.0
56;;115;DIM;0;171.0
56;68;;DIM;0;171.0
56;69;;DIM;0;171.0
56;70;;DIM;0;171.0
56;71;;DIM;0;171.0
56;72;;DIM;0;171.0
56;231;;DIM;0;171.0
56;232;;DIM;0;171.0
56;233;;DIM;0;171.0
56;234;;DIM;0;171.0
56;235;;DIM;0;171.0
57;1;;DIM;0;110.0
57;2;;DIM;0;110.0
57;3;;DIM;0;110.0
57;4;;DIM;0;110.0
57;5;;DIM;0;110.0
57;6;;DIM;0;110.0
57;7;;DIM;0;110.0
57;8;;DIM;0;110.0
57;9;;DIM;0;110.0
57;10;;DIM;0;110.0
57;11;;DIM;0;110.0
57;12;;DIM;0;110.0
57;13;;DIM;0;110.0
57;14;;DIM;0;110.0
57;15;;DIM;0;110.0
57;16;;DIM;0;110.0
57;17;;DIM;0;110.0
57;18;;DIM;0;110.0
57;19;;DIM;20;110.0
57;20;;DIM;20;110.0
57;21;;DIM;20;110.0
57;22;;DIM;20;110.0
57;23;;DIM;20;110.0
57;24;;DIM;20;110.0
57;25;;DIM;20;110.0
57;26;;DIM;20;110.0
57;27;;DIM;0;110.0
57;28;;DIM;0;110.0
57;29;;DIM;0;110.0
57;30;;DIM;0;110.0
57;31;;DIM;0;110.0
57;32;;DIM;0;110.0
57;33;;DIM;0;110.0
57;34;;DIM;35.5;110.0
57;35;;DIM;35.5;110.0
57;36;;DIM;35.5;110.0
57;37;;DIM;35.5;110.0
57;38;;DIM;35.5;110.0
57;39;;DIM;35.5;110.0
57;40;;DIM;35.5;110.0
57;41;;DIM;50;110.0
57;42;;DIM;50;110.0
57;43;;DIM;50;110.0
57;44;;DIM;50;110.0
57;45;;DIM;50;110.0
57;46;;DIM;50;110.0
57;47;;DIM;50;110.0
57;48;;DIM;0;110.0
57;49;;DIM;0;110.0
57;50;;DIM;0;110.0
57;51;;DIM;0;110.0
57;52;;DIM;0;110.0
57;53;;DIM;0;110.0
57;54;;DIM;0;110.0
57;55;;DIM;0;110.0
57;56;;DIM;0;110.0
57;57;;DIM;0;110.0
57;58;;DIM;0;110.0
57;59;;DIM;0;110.0
57;60;;DIM;0;110.0
57;61;;DIM;0;110.0
57;62;;DIM;0;110.0
57;63;;DIM;0;110.0
57;64;;DIM;0;110.0
57;73;;DIM;0;110.0
57;65;;DIM;0;110.0
57;66;;DIM;0;110.0
57;67;;DIM;0;110.0
57;;100;DIM;0;110.0
57;;101;DIM;0;110.0
57;;102;DIM;0;110.0
57;;103;DIM;0;110.0
57;;104;DIM;0;110.0
57;;105;DIM;0;110.0
57;;110;DIM;40;110.0
57;;111;DIM;40;110.0
57;;112;DIM;40;110.0
57;;113;DIM;40;110.0
57;;114;DIM;40;110.0
57;;115;DIM;40;110.0
57;68;;DIM;0;110.0
57;69;;DIM;0;110.0
57;70;;DIM;0;110.0
57;71;;DIM;0;110.0
57;72;;DIM;0;110.0
57;231;;DIM;0;110.0
57;232;;DIM;50;110.0
57;233;;DIM;50;110.0
57;234;;DIM;50;110.0
57;235;;DIM;50;110.0
58;19;;DIM;40;60.0
58;20;;DIM;40;60.0
58;21;;DIM;40;60.0
58;22;;DIM;40;60.0
58;23;;DIM;40;60.0
58;24;;DIM;40;60.0
58;25;;DIM;40;60.0
58;26;;DIM;40;60.0
58;;110;DIM;0;60.0
58;;111;DIM;0;60.0
58;;112;DIM;0;60.0
58;;113;DIM;0;60.0
58;;114;DIM;0;60.0
58;;115;DIM;0;60.0
58;232;;DIM;70;60.0
58;233;;DIM;70;60.0
58;234;;DIM;70;60.0
58;235;;DIM;70;60.0
