CueNumber;SubNumber;ChannelID;FixtureID;AttributeName;Value;CuePartIndex;CuePartName
1;0;1;;DIM;0;;
1;0;2;;DIM;0;;
1;0;3;;DIM;0;;
1;0;4;;DIM;0;;
1;0;5;;DIM;0;;
1;0;6;;DIM;0;;
1;0;11;;DIM;0;;
1;0;12;;DIM;0;;
1;0;;161;DIM;0;;
1;0;;1;DIM;0;;
1;0;;2;DIM;0;;
1;0;;3;DIM;0;;
1;0;;4;DIM;0;;
1;0;;5;DIM;0;;
1;0;;6;DIM;0;;
1;0;;11;DIM;0;;
1;0;;12;DIM;0;;
1;0;;13;DIM;0;;
1;0;21;;DIM;0;;
1;0;22;;DIM;0;;
1;0;101;;DIM;0;;
1;0;102;;DIM;0;;
1;0;103;;DIM;0;;
1;0;104;;DIM;0;;
1;0;105;;DIM;0;;
1;0;106;;DIM;0;;
1;0;107;;DIM;0;;
1;0;108;;DIM;0;;
1;0;109;;DIM;0;;
1;0;110;;DIM;0;;
1;0;;201;DIM;0;;
2;0;;5;DIM;20;;
3;0;;5;DIM;36;;
3;0;21;;DIM;15;;
3;0;22;;DIM;15;;
4;0;;13;DIM;30;;
5;0;;12;DIM;30;;
7;0;1;;DIM;30.25;;
7;0;2;;DIM;30.25;;
7;0;3;;DIM;30.25;;
7;0;4;;DIM;15.25;;
7;0;5;;DIM;15.25;;
7;0;6;;DIM;15.25;;
7;0;;1;DIM;38;;
7;0;;2;DIM;38;;
7;0;;3;DIM;38;;
7;0;;4;DIM;38;;
7;0;;6;DIM;38;;
7;0;;12;DIM;60;;
8;0;4;;DIM;0;;
8;0;5;;DIM;0;;
8;0;6;;DIM;0;;
8;0;;161;DIM;99;;
8;0;;2;DIM;0;;
8;0;;4;DIM;0;;
8;0;;6;DIM;0;;
9;0;;161;DIM;0;;
10;0;1;;DIM;0;;
10;0;2;;DIM;0;;
10;0;3;;DIM;0;;
10;0;4;;DIM;0;;
10;0;5;;DIM;0;;
10;0;6;;DIM;0;;
10;0;;1;DIM;0;;
10;0;;2;DIM;0;;
10;0;;3;DIM;0;;
10;0;;12;DIM;6;;
10;0;;13;DIM;17.5;;
10;0;21;;DIM;6;;
10;0;22;;DIM;6;;
12;0;1;;DIM;30;;
12;0;2;;DIM;30;;
12;0;3;;DIM;30;;
12;0;4;;DIM;30;;
12;0;5;;DIM;30;;
12;0;6;;DIM;30;;
12;0;;1;DIM;29;;
12;0;;2;DIM;29;;
12;0;;3;DIM;29;;
12;0;;4;DIM;40.5;;
12;0;;6;DIM;11.5;;
14;0;1;;DIM;0;;
14;0;2;;DIM;0;;
14;0;3;;DIM;0;;
14;0;4;;DIM;0;;
14;0;5;;DIM;0;;
14;0;6;;DIM;0;;
14;0;;1;DIM;0;;
14;0;;2;DIM;0;;
14;0;;3;DIM;0;;
14;0;;4;DIM;0;;
14;0;;6;DIM;0;;
15;0;4;;DIM;0;;
15;0;5;;DIM;30;;
15;0;6;;DIM;0;;
15;0;;5;DIM;22;;
16;0;1;;DIM;30;;
16;0;2;;DIM;30;;
16;0;3;;DIM;30;;
16;0;4;;DIM;30;;
16;0;5;;DIM;30;;
16;0;6;;DIM;30;;
16;0;;1;DIM;30;;
16;0;;2;DIM;30;;
16;0;;3;DIM;30;;
17;0;1;;DIM;0;;
17;0;2;;DIM;0;;
17;0;3;;DIM;0;;
17;0;4;;DIM;0;;
17;0;5;;DIM;0;;
17;0;6;;DIM;0;;
17;0;;1;DIM;0;;
17;0;;2;DIM;0;;
17;0;;3;DIM;0;;
18;0;1;;DIM;3;;
18;0;4;;DIM;0;;
18;0;12;;DIM;0;;
18;0;;5;DIM;0;;
18;0;;12;DIM;2;;
18;0;;13;DIM;2;;
18;0;21;;DIM;0;;
18;0;22;;DIM;0;;
19;0;1;;DIM;30;;
19;0;2;;DIM;30;;
19;0;3;;DIM;30;;
19;0;4;;DIM;30;;
19;0;5;;DIM;30;;
19;0;6;;DIM;30;;
19;0;;1;DIM;30;;
19;0;;2;DIM;30;;
19;0;;3;DIM;30;;
19;0;;4;DIM;30;;
19;0;;5;DIM;30;;
19;0;;6;DIM;30;;
19;0;21;;DIM;20;;
19;0;22;;DIM;20;;
20;0;1;;DIM;0;;
20;0;2;;DIM;0;;
20;0;3;;DIM;0;;
20;0;4;;DIM;0;;
20;0;5;;DIM;0;;
20;0;6;;DIM;0;;
20;0;;1;DIM;0;;
20;0;;2;DIM;0;;
20;0;;3;DIM;0;;
20;0;;4;DIM;0;;
20;0;;6;DIM;0;;
20;0;21;;DIM;13;;
20;0;22;;DIM;13;;
22;0;1;;DIM;30;;
22;0;2;;DIM;30;;
22;0;3;;DIM;30;;
22;0;4;;DIM;30;;
22;0;5;;DIM;30;;
22;0;6;;DIM;30;;
22;0;;1;DIM;30;;
22;0;;2;DIM;30;;
22;0;;3;DIM;30;;
22;0;;4;DIM;30;;
22;0;;6;DIM;30;;
23;0;1;;DIM;0;;
23;0;2;;DIM;0;;
23;0;3;;DIM;0;;
23;0;4;;DIM;0;;
23;0;5;;DIM;3;;
23;0;6;;DIM;0;;
23;0;12;;DIM;50;;
23;0;;1;DIM;0;;
23;0;;2;DIM;0;;
23;0;;3;DIM;0;;
23;0;;4;DIM;0;;
23;0;;5;DIM;0;;
23;0;;6;DIM;0;;
23;0;;12;DIM;5;;
23;0;;13;DIM;5;;
23;0;21;;DIM;0;;
23;0;22;;DIM;0;;
24;0;1;;DIM;30;;
24;0;2;;DIM;30;;
24;0;3;;DIM;30;;
24;0;4;;DIM;30;;
24;0;5;;DIM;30;;
24;0;6;;DIM;30;;
24;0;11;;DIM;0;;
24;0;12;;DIM;0;;
24;0;;161;DIM;0;;
24;0;;1;DIM;30;;
24;0;;2;DIM;30;;
24;0;;3;DIM;30;;
24;0;;4;DIM;30;;
24;0;;5;DIM;30;;
24;0;;6;DIM;30;;
24;0;;11;DIM;0;;
24;0;;12;DIM;2;;
24;0;;13;DIM;2;;
24;0;21;;DIM;13;;
24;0;22;;DIM;13;;
24;0;101;;DIM;0;;
24;0;102;;DIM;0;;
24;0;103;;DIM;0;;
24;0;104;;DIM;0;;
24;0;105;;DIM;0;;
24;0;106;;DIM;0;;
24;0;107;;DIM;0;;
24;0;108;;DIM;0;;
24;0;109;;DIM;0;;
24;0;110;;DIM;0;;
24;0;;201;DIM;0;;
25;0;1;;DIM;0;;
25;0;2;;DIM;0;;
25;0;3;;DIM;0;;
25;0;4;;DIM;0;;
25;0;5;;DIM;0;;
25;0;6;;DIM;0;;
25;0;;1;DIM;0;;
25;0;;2;DIM;0;;
25;0;;3;DIM;0;;
25;0;;4;DIM;0;;
25;0;;6;DIM;0;;
26;0;;2;DIM;10;;
26;0;;3;DIM;0;;
26;0;;5;DIM;7;;
26;0;21;;DIM;0;;
26;0;22;;DIM;0;;
27;0;11;;DIM;50;;
27;0;;2;DIM;2;;
27;0;;5;DIM;0;;
27;0;;12;DIM;2;;
27;0;;13;DIM;1;;
28;0;11;;DIM;0;;
28;0;;2;DIM;0;;
28;0;;5;DIM;10;;
28;0;21;;DIM;2;;
28;0;22;;DIM;2;;
29;0;;5;DIM;0;;
29;0;;12;DIM;0;;
29;0;;13;DIM;0;;
29;0;21;;DIM;0;;
29;0;22;;DIM;0;;
30;0;1;;DIM;40;;
30;0;2;;DIM;40;;
30;0;3;;DIM;40;;
30;0;4;;DIM;40;;
30;0;5;;DIM;40;;
30;0;6;;DIM;40;;
30;0;;1;DIM;60;;
30;0;;2;DIM;60;;
30;0;;3;DIM;60;;
30;0;;4;DIM;60;;
30;0;;5;DIM;30;;
30;0;;6;DIM;100;;
30;0;;13;DIM;0;;
31;0;;13;DIM;7;;
32;0;1;;DIM;0;;
32;0;2;;DIM;0;;
32;0;3;;DIM;0;;
32;0;4;;DIM;0;;
32;0;5;;DIM;0;;
32;0;6;;DIM;0;;
32;0;;1;DIM;0;;
32;0;;2;DIM;0;;
32;0;;3;DIM;0;;
32;0;;4;DIM;0;;
32;0;;5;DIM;40;;
32;0;;6;DIM;0;;
32;0;;12;DIM;10;;
32;0;;13;DIM;6;;
33;0;1;;DIM;40;;
33;0;2;;DIM;40;;
33;0;3;;DIM;40;;
33;0;;1;DIM;0;;
33;0;;2;DIM;0;;
33;0;;3;DIM;0;;
33;0;;5;DIM;20;;
33;0;;12;DIM;5;;
33;0;;13;DIM;3;;
34;0;1;;DIM;60;;
34;0;2;;DIM;60;;
34;0;3;;DIM;60;;
35;0;1;;DIM;0;;
35;0;2;;DIM;0;;
35;0;3;;DIM;0;;
37;0;1;;DIM;0;;
37;0;2;;DIM;0;;
37;0;3;;DIM;0;;
37;0;4;;DIM;0;;
37;0;5;;DIM;0;;
37;0;6;;DIM;0;;
37;0;11;;DIM;0;;
37;0;12;;DIM;0;;
37;0;;161;DIM;0;;
37;0;;1;DIM;0;;
37;0;;2;DIM;0;;
37;0;;3;DIM;0;;
37;0;;4;DIM;0;;
37;0;;5;DIM;20;;
37;0;;6;DIM;0;;
37;0;;11;DIM;0;;
37;0;;12;DIM;7;;
37;0;;13;DIM;3;;
37;0;21;;DIM;0;;
37;0;22;;DIM;0;;
37;0;101;;DIM;0;;
37;0;102;;DIM;0;;
37;0;103;;DIM;0;;
37;0;104;;DIM;0;;
37;0;105;;DIM;0;;
37;0;106;;DIM;0;;
37;0;107;;DIM;0;;
37;0;108;;DIM;0;;
37;0;109;;DIM;0;;
37;0;110;;DIM;0;;
37;0;;201;DIM;0;;
38;0;;11;DIM;36.5;;
39;0;1;;DIM;30;;
39;0;2;;DIM;30;;
39;0;3;;DIM;30;;
39;0;4;;DIM;30;;
39;0;5;;DIM;30;;
39;0;6;;DIM;30;;
39;0;;1;DIM;20;;
39;0;;2;DIM;20;;
39;0;;3;DIM;20;;
39;0;;4;DIM;20;;
39;0;;6;DIM;20;;
39;0;;11;DIM;0;;
40;0;1;;DIM;0;;
40;0;2;;DIM;0;;
40;0;3;;DIM;0;;
40;0;4;;DIM;0;;
40;0;5;;DIM;0;;
40;0;6;;DIM;0;;
40;0;;1;DIM;0;;
40;0;;2;DIM;0;;
40;0;;3;DIM;0;;
40;0;;4;DIM;10;;
40;0;;6;DIM;10;;
40;0;;11;DIM;0;;
41;0;1;;DIM;0;;
41;0;2;;DIM;0;;
41;0;3;;DIM;0;;
41;0;4;;DIM;10;;
41;0;5;;DIM;10;;
41;0;6;;DIM;10;;
41;0;;1;DIM;0;;
41;0;;2;DIM;0;;
41;0;;3;DIM;0;;
41;0;;4;DIM;5;;
41;0;;5;DIM;0;;
41;0;;6;DIM;5;;
41;0;;12;DIM;0;;
41;0;;13;DIM;0;;
42;0;1;;DIM;30;;
42;0;2;;DIM;30;;
42;0;3;;DIM;30;;
42;0;4;;DIM;30;;
42;0;5;;DIM;30;;
42;0;6;;DIM;30;;
42;0;;1;DIM;10;;
42;0;;2;DIM;10;;
42;0;;3;DIM;10;;
42;0;;4;DIM;10;;
42;0;;6;DIM;10;;
43;0;1;;DIM;0;;
43;0;2;;DIM;0;;
43;0;3;;DIM;0;;
43;0;4;;DIM;0;;
43;0;5;;DIM;0;;
43;0;6;;DIM;0;;
43;0;;1;DIM;0;;
43;0;;2;DIM;0;;
43;0;;3;DIM;0;;
43;0;;4;DIM;0;;
43;0;;5;DIM;30;;
43;0;;6;DIM;0;;
43;0;;12;DIM;7;;
43;0;;13;DIM;4;;
44;0;;161;DIM;100;;
46;0;;161;DIM;0;;
47;0;;1;DIM;0;;
47;0;;2;DIM;0;;
47;0;;3;DIM;0;;
47;0;;4;DIM;0;;
47;0;;5;DIM;0;;
47;0;;6;DIM;0;;
47;0;;12;DIM;0;;
47;0;;13;DIM;0;;
